"site"	"Chr"	"gene"	"rho"	"VAF_primary"	"VAF_primary_numerator"	"VAF_primary_denominator"	"VAF_metastatic"	"VAF_metastatic_numerator"	"VAF_metastatic_denominator"
25227260	12	"KRAS"	0	0.499911245229431	1	2.00035508211274	0.499975082228645	0.829337852360089	1.65875836984376
179226004	3	"PIK3CA"	0	0	0	0	0.498872222848765	0.365669174175415	0.732991650822518
179203714	3	"PIK3CA"	0	0.5	0.000355082112738571	0.000710164225477142	0	0	0
179224131	3	"PIK3CA"	0	0.5	0.000266311584553928	0.000532623169107856	0	0	0
112815561	5	"APC"	0	0.5	0.000798934753661784	0.00159786950732357	0	0	0
112838941	5	"APC"	0	0.5	0.000266311584553928	0.000532623169107856	0	0	0
112842849	5	"APC"	0	0.5	0.000443852640923213	0.000887705281846427	0	0	0
179219608	3	"PIK3CA"	0	0	0	0	0.5	0.111928577333223	0.223857154666446
179218255	3	"PIK3CA"	0	0.5	0.000355082112738571	0.000710164225477142	0	0	0
179210471	3	"PIK3CA"	0	0	0	0	0.5	0.0398859221294536	0.0797718442589072
112839803	5	"APC"	0	0.5	0.000443852640923213	0.000887705281846427	0	0	0
179199871	3	"PIK3CA"	0	0.5	8.87705281846427e-05	0.000177541056369285	0	0	0
179199779	3	"PIK3CA"	0	0	0	0	0.494011976047904	0.00681987269570968	0.0138050756385881
112842565	5	"APC"	0	0.5	0.00142032845095428	0.00284065690190857	0	0	0
179201385	3	"PIK3CA"	0	0	0	0	0.5	0.0212862693229726	0.0425725386459453
112827201	5	"APC"	0	0.5	0.00115401686640036	0.00230803373280071	0	0	0
112821902	5	"APC"	0	0.5	0.000177541056369285	0.000355082112738571	0	0	0
179230270	3	"PIK3CA"	0	0	0	0	0.5	0.00223195833677771	0.00446391667355543
112842155	5	"APC"	0	0.5	0.001242787394585	0.00248557478917	0	0	0
112838779	5	"APC"	0	0.5	0.000177541056369285	0.000355082112738571	0	0	0
112828968	5	"APC"	0	0.5	0.000266311584553928	0.000532623169107856	0	0	0
179203597	3	"PIK3CA"	0	0	0	0	0.5	0.0065718773249566	0.0131437546499132
179219676	3	"PIK3CA"	0	0	0	0	0.5	0.00524923534760684	0.0104984706952137
179210254	3	"PIK3CA"	0	0.5	0.000355082112738571	0.000710164225477142	0	0	0
179201477	3	"PIK3CA"	0	0	0	0	0.5	0.00462924692072415	0.00925849384144829
112843189	5	"APC"	0	0.5	0.000177541056369285	0.000355082112738571	0	0	0
179203554	3	"PIK3CA"	0	0	0	0	0.5	0.0073985285608002	0.0147970571216004
7669674	17	"TP53"	0	0.5	0.000355082112738571	0.000710164225477142	0	0	0
112821899	5	"APC"	0	0.5	0.000266311584553928	0.000532623169107856	0	0	0
179210564	3	"PIK3CA"	0	0	0	0	0.5	0.00107464660659668	0.00214929321319335
25245280	12	"KRAS"	0	0	0	0	0.5	0.00301727701082913	0.00603455402165826
112839745	5	"APC"	0	0.5	0.000798934753661784	0.00159786950732357	0	0	0
179224742	3	"PIK3CA"	0	0	0	0	0.5	0.00334793750516657	0.00669587501033314
112843529	5	"APC"	0	0	0	0	0.5	0.00132264197734976	0.00264528395469951
112839427	5	"APC"	0	0	0	0	0.5	0.000330660494337439	0.000661320988674878
112840607	5	"APC"	0	0	0	0	0.5	0.00136397453914194	0.00272794907828387
112837592	5	"APC"	0	0.5	8.87705281846427e-05	0.000177541056369285	0	0	0
179234195	3	"PIK3CA"	0	0.5	0.000177541056369285	0.000355082112738571	0	0	0
179221047	3	"PIK3CA"	0	0	0	0	0.5	0.00148797222451848	0.00297594444903695
112841182	5	"APC"	0	0	0	0	0.5	0.000661320988674878	0.00132264197734976
112840836	5	"APC"	0	0.5	0.000710164225477142	0.00142032845095428	0	0	0
112839289	5	"APC"	0	0.5	0.000266311584553928	0.000532623169107856	0	0	0
179199008	3	"PIK3CA"	0	0	0	0	0.5	0.000495990741506159	0.000991981483012317
112837901	5	"APC"	0	0.5	0.000355082112738571	0.000710164225477142	0	0	0
112838112	5	"APC"	0	0.5	0.000443852640923213	0.000887705281846427	0	0	0
112838269	5	"APC"	0	0	0	0	0.5	0.000619988426882698	0.0012399768537654
179225996	3	"PIK3CA"	0	0.5	0.000266311584553928	0.000532623169107856	0	0	0
112839346	5	"APC"	0	0.5	0.000355082112738571	0.000710164225477142	0	0	0
179199097	3	"PIK3CA"	0	0.5	0.000266311584553928	0.000532623169107856	0	0	0
179221132	3	"PIK3CA"	0	0	0	0	0.5	0.0010333140448045	0.00206662808960899
179198845	3	"PIK3CA"	0	0	0	0	0.5	0.000495990741506159	0.000991981483012317
179198916	3	"PIK3CA"	0	0.5	0.000710164225477142	0.00142032845095428	0	0	0
179204561	3	"PIK3CA"	0	0	0	0	0.5	8.26651235843598e-05	0.00016533024716872
112843012	5	"APC"	0	0.5	0.000177541056369285	0.000355082112738571	0	0	0
112837904	5	"APC"	0	0	0	0	0.5	0.000495990741506159	0.000991981483012317
112823726	5	"APC"	0	0.5	0.000621393697292499	0.001242787394585	0	0	0
112841844	5	"APC"	0	0.5	0.000532623169107856	0.00106524633821571	0	0	0
112775649	5	"APC"	0	0.5	0.000621393697292499	0.001242787394585	0	0	0
112841347	5	"APC"	0	0.5	0.000798934753661784	0.00159786950732357	0	0	0
112838243	5	"APC"	0	0.5	0.000443852640923213	0.000887705281846427	0	0	0
112840767	5	"APC"	0	0.5	0.000355082112738571	0.000710164225477142	0	0	0
179230242	3	"PIK3CA"	0	0	0	0	0.5	0.000413325617921799	0.000826651235843598
112835104	5	"APC"	0	0	0	0	0.5	0.000289327932545259	0.000578655865090518
112827211	5	"APC"	0	0	0	0	0.5	8.26651235843598e-05	0.00016533024716872
179210312	3	"PIK3CA"	0	0	0	0	0.5	0.000247995370753079	0.000495990741506159
112835157	5	"APC"	0	0	0	0	0.5	0.000330660494337439	0.000661320988674878
112843701	5	"APC"	0	0.5	0.000266311584553928	0.000532623169107856	0	0	0
112840807	5	"APC"	0	0.5	8.87705281846427e-05	0.000177541056369285	0	0	0
112843781	5	"APC"	0	0.5	0.000355082112738571	0.000710164225477142	0	0	0
112838562	5	"APC"	0	0.5	0.000798934753661784	0.00159786950732357	0	0	0
179201409	3	"PIK3CA"	0	0.5	8.87705281846427e-05	0.000177541056369285	0	0	0
179221086	3	"PIK3CA"	0	0	0	0	0.5	8.26651235843598e-05	0.00016533024716872
179229280	3	"PIK3CA"	0	0	0	0	0.5	0.000289327932545259	0.000578655865090518
7675104	17	"TP53"	0	0	0	0	0.5	0.00016533024716872	0.000330660494337439
112767211	5	"APC"	0	0	0	0	0.5	0.00012399768537654	0.000247995370753079
112841109	5	"APC"	0	0	0	0	0.5	0.000330660494337439	0.000661320988674878
179230007	3	"PIK3CA"	0	0	0	0	0.5	0.000289327932545259	0.000578655865090518
179234183	3	"PIK3CA"	0	0	0	0	0.5	0.00012399768537654	0.000247995370753079
179226008	3	"PIK3CA"	0	0.5	0.000266311584553928	0.000532623169107856	0	0	0
179201496	3	"PIK3CA"	0	0.5	0.000177541056369285	0.000355082112738571	0	0	0
112838160	5	"APC"	0	0.5	0.000355082112738571	0.000710164225477142	0	0	0
179224119	3	"PIK3CA"	0	0	0	0	0.5	0.000247995370753079	0.000495990741506159
179203740	3	"PIK3CA"	0	0	0	0	0.5	8.26651235843598e-05	0.00016533024716872
112838516	5	"APC"	0	0	0	0	0.5	8.26651235843598e-05	0.00016533024716872
112839778	5	"APC"	0	0	0	0	0.5	0.000247995370753079	0.000495990741506159
179210465	3	"PIK3CA"	0	0	0	0	0.5	8.26651235843598e-05	0.00016533024716872
179210512	3	"PIK3CA"	0	0	0	0	0.5	0.00016533024716872	0.000330660494337439
112843983	5	"APC"	0	0	0	0	0.5	8.26651235843598e-05	0.00016533024716872
112838301	5	"APC"	0	0	0	0	0.5	0.00016533024716872	0.000330660494337439
179203770	3	"PIK3CA"	0	0.5	0.000177541056369285	0.000355082112738571	0	0	0
112838833	5	"APC"	0	0.5	0.000177541056369285	0.000355082112738571	0	0	0
179209617	3	"PIK3CA"	0	0.5	8.87705281846427e-05	0.000177541056369285	0	0	0
112843839	5	"APC"	0	0.5	0.000177541056369285	0.000355082112738571	0	0	0
179203561	3	"PIK3CA"	0	0	0	0	0.5	0.00016533024716872	0.000330660494337439
112840583	5	"APC"	0	0	0	0	0.5	0.00016533024716872	0.000330660494337439
179218215	3	"PIK3CA"	0	0	0	0	0.5	4.13325617921799e-05	8.26651235843598e-05
7676197	17	"TP53"	0	0	0	0	0.5	0.00016533024716872	0.000330660494337439
7669618	17	"TP53"	0	0	0	0	0.5	8.26651235843598e-05	0.00016533024716872
25227250	12	"KRAS"	0	0	0	0	0.5	0.00016533024716872	0.000330660494337439
112766390	5	"APC"	0	0	0	0	0.5	8.26651235843598e-05	0.00016533024716872
112839575	5	"APC"	0	0	0	0	0.5	8.26651235843598e-05	0.00016533024716872
112837679	5	"APC"	0	0.5	0.000177541056369285	0.000355082112738571	0	0	0
179199012	3	"PIK3CA"	0	0	0	0	0.5	8.26651235843598e-05	0.00016533024716872
112843780	5	"APC"	0	0.5	0.000177541056369285	0.000355082112738571	0	0	0
112838015	5	"APC"	0	0.5	8.87705281846427e-05	0.000177541056369285	0	0	0
179230080	3	"PIK3CA"	0	0	0	0	0.5	8.26651235843598e-05	0.00016533024716872
112841852	5	"APC"	0	0	0	0	0.5	8.26651235843598e-05	0.00016533024716872
179224799	3	"PIK3CA"	0	0	0	0	0.5	8.26651235843598e-05	0.00016533024716872
112838633	5	"APC"	0	0	0	0	0.333333333333333	8.26651235843598e-05	0.000247995370753079
112843686	5	"APC"	0	0	0	0	0.5	8.26651235843598e-05	0.00016533024716872
112842695	5	"APC"	0	0	0	0	0.5	8.26651235843598e-05	0.00016533024716872
112841338	5	"APC"	0	0	0	0	0.5	8.26651235843598e-05	0.00016533024716872
179219212	3	"PIK3CA"	0	0	0	0	0.5	8.26651235843598e-05	0.00016533024716872
112843700	5	"APC"	0	0	0	0	0.5	8.26651235843598e-05	0.00016533024716872
112838279	5	"APC"	0	0	0	0	0.5	8.26651235843598e-05	0.00016533024716872
179198841	3	"PIK3CA"	0	0	0	0	0.5	4.13325617921799e-05	8.26651235843598e-05
179234492	3	"PIK3CA"	0	0	0	0	0.5	8.26651235843598e-05	0.00016533024716872
112839120	5	"APC"	0	0	0	0	0.5	8.26651235843598e-05	0.00016533024716872
112842894	5	"APC"	0	0	0	0	0.5	8.26651235843598e-05	0.00016533024716872
112843114	5	"APC"	0	0	0	0	0.5	8.26651235843598e-05	0.00016533024716872
112838334	5	"APC"	0	0	0	0	0.5	8.26651235843598e-05	0.00016533024716872
25209854	12	"KRAS"	0	0	0	0	0.5	8.26651235843598e-05	0.00016533024716872
179219980	3	"PIK3CA"	0	0	0	0	0.5	8.26651235843598e-05	0.00016533024716872
7674245	17	"TP53"	0	0	0	0	0.5	8.26651235843598e-05	0.00016533024716872
179234182	3	"PIK3CA"	0	0	0	0	0.5	4.13325617921799e-05	8.26651235843598e-05
112842630	5	"APC"	0	0	0	0	0.5	8.26651235843598e-05	0.00016533024716872
112838055	5	"APC"	0	0	0	0	0.5	8.26651235843598e-05	0.00016533024716872
179201527	3	"PIK3CA"	0	0.5	8.87705281846427e-05	0.000177541056369285	0	0	0
112834964	5	"APC"	0	0.5	8.87705281846427e-05	0.000177541056369285	0	0	0
112780813	5	"APC"	0	0.5	8.87705281846427e-05	0.000177541056369285	0	0	0
179198960	3	"PIK3CA"	0	0.5	8.87705281846427e-05	0.000177541056369285	0	0	0
112841146	5	"APC"	0	0.5	8.87705281846427e-05	0.000177541056369285	0	0	0
112841887	5	"APC"	0	0	0	0	0.5	4.13325617921799e-05	8.26651235843598e-05
112839912	5	"APC"	0	0	0	0	0.5	4.13325617921799e-05	8.26651235843598e-05
112766394	5	"APC"	0	0	0	0	0.5	4.13325617921799e-05	8.26651235843598e-05
7676219	17	"TP53"	0	0	0	0	0.5	4.13325617921799e-05	8.26651235843598e-05
112842935	5	"APC"	0	0	0	0	0.5	4.13325617921799e-05	8.26651235843598e-05
179221013	3	"PIK3CA"	0	0	0	0	0.5	4.13325617921799e-05	8.26651235843598e-05
179234154	3	"PIK3CA"	0	0	0	0	0.5	4.13325617921799e-05	8.26651235843598e-05
112837893	5	"APC"	0	0	0	0	0.5	4.13325617921799e-05	8.26651235843598e-05
112837824	5	"APC"	0	0	0	0	0.5	4.13325617921799e-05	8.26651235843598e-05
112842494	5	"APC"	0	0	0	0	0.5	4.13325617921799e-05	8.26651235843598e-05
112843610	5	"APC"	0	0	0	0	0.5	4.13325617921799e-05	8.26651235843598e-05
112839622	5	"APC"	0	0	0	0	0.5	4.13325617921799e-05	8.26651235843598e-05
25225697	12	"KRAS"	0	0	0	0	0.5	4.13325617921799e-05	8.26651235843598e-05
179203637	3	"PIK3CA"	0	0	0	0	0.5	4.13325617921799e-05	8.26651235843598e-05
112843219	5	"APC"	0	0	0	0	0.5	4.13325617921799e-05	8.26651235843598e-05
112842910	5	"APC"	0	0	0	0	0.5	4.13325617921799e-05	8.26651235843598e-05
179201405	3	"PIK3CA"	0	0	0	0	0.5	4.13325617921799e-05	8.26651235843598e-05
112838553	5	"APC"	0	0	0	0	0.5	4.13325617921799e-05	8.26651235843598e-05
179203727	3	"PIK3CA"	0	0	0	0	0.5	4.13325617921799e-05	8.26651235843598e-05
112843455	5	"APC"	0	0	0	0	0.5	4.13325617921799e-05	8.26651235843598e-05
179220045	3	"PIK3CA"	0	0	0	0	0.5	4.13325617921799e-05	8.26651235843598e-05
112838246	5	"APC"	0	0	0	0	0.5	4.13325617921799e-05	8.26651235843598e-05
112780843	5	"APC"	0	0	0	0	0.5	4.13325617921799e-05	8.26651235843598e-05
112843412	5	"APC"	0	0	0	0	0.5	4.13325617921799e-05	8.26651235843598e-05
112843357	5	"APC"	0	0	0	0	0.5	4.13325617921799e-05	8.26651235843598e-05
112840292	5	"APC"	0	0	0	0	0.5	4.13325617921799e-05	8.26651235843598e-05
112792481	5	"APC"	0	0	0	0	0.5	4.13325617921799e-05	8.26651235843598e-05
112839926	5	"APC"	0	0	0	0	0.5	4.13325617921799e-05	8.26651235843598e-05
112843885	5	"APC"	0	0	0	0	0.5	4.13325617921799e-05	8.26651235843598e-05
7676240	17	"TP53"	0	0	0	0	0.5	4.13325617921799e-05	8.26651235843598e-05
179234098	3	"PIK3CA"	0	0	0	0	0.5	4.13325617921799e-05	8.26651235843598e-05
179203628	3	"PIK3CA"	0	0	0	0	0.5	4.13325617921799e-05	8.26651235843598e-05
179234099	3	"PIK3CA"	0	0	0	0	0.5	4.13325617921799e-05	8.26651235843598e-05
112839563	5	"APC"	0	0	0	0	0.5	4.13325617921799e-05	8.26651235843598e-05
7669622	17	"TP53"	0	0	0	0	0.5	4.13325617921799e-05	8.26651235843598e-05
25227260	12	"KRAS"	0.1	0.449928107359676	0.9	2.00031957390146	0.440907182061449	0.74640406712408	1.69288253285939
179226004	3	"PIK3CA"	0.1	0	0	0.2	0.382813927324827	0.329102256757874	0.859692485740266
179203714	3	"PIK3CA"	0.1	0.00159277940005309	0.000319573901464714	0.200639147802929	0	0	0.2
179224131	3	"PIK3CA"	0.1	0.00119553666312434	0.000239680426098535	0.200479360852197	0	0	0.2
112815561	5	"APC"	0.1	0.0035695399259651	0.000719041278295606	0.201438082556591	0	0	0.2
112838941	5	"APC"	0.1	0.00119553666312434	0.000239680426098535	0.200479360852197	0	0	0.2
112842849	5	"APC"	0.1	0.0019893899204244	0.000399467376830892	0.200798934753662	0	0	0.2
179219608	3	"PIK3CA"	0.1	0	0	0.2	0.250916278878228	0.100735719599901	0.401471439199802
179218255	3	"PIK3CA"	0.1	0.00159277940005309	0.000319573901464714	0.200639147802929	0	0	0.2
179210471	3	"PIK3CA"	0.1	0	0	0.2	0.132075184768393	0.0358973299165082	0.271794659833016
112839803	5	"APC"	0.1	0.0019893899204244	0.000399467376830892	0.200798934753662	0	0	0.2
179199871	3	"PIK3CA"	0.1	0.000399148483235764	7.98934753661784e-05	0.200159786950732	0	0	0.2
179199779	3	"PIK3CA"	0.1	0	0	0.2	0.0288944234735572	0.00613788542613871	0.212424568074729
112842565	5	"APC"	0.1	0.00631080725742835	0.00127829560585885	0.202556591211718	0	0	0.2
179201385	3	"PIK3CA"	0.1	0	0	0.2	0.0803878039474141	0.0191576423906754	0.238315284781351
112827201	5	"APC"	0.1	0.0051396942540854	0.00103861517976032	0.202077230359521	0	0	0.2
112821902	5	"APC"	0.1	0.000797660196756182	0.000159786950732357	0.200319573901465	0	0	0.2
179230270	3	"PIK3CA"	0.1	0	0	0.2	0.00984602917341977	0.00200876250309994	0.2040175250062
112842155	5	"APC"	0.1	0.00553068211746115	0.0011185086551265	0.202237017310253	0	0	0.2
112838779	5	"APC"	0.1	0.000797660196756182	0.000159786950732357	0.200319573901465	0	0	0.2
112828968	5	"APC"	0.1	0.00119553666312434	0.000239680426098535	0.200479360852197	0	0	0.2
179203597	3	"PIK3CA"	0.1	0	0	0.2	0.0279219512195122	0.00591468959246094	0.211829379184922
179219676	3	"PIK3CA"	0.1	0	0	0.2	0.0225559458499428	0.00472431181284616	0.209448623625692
179210254	3	"PIK3CA"	0.1	0.00159277940005309	0.000319573901464714	0.200639147802929	0	0	0.2
179201477	3	"PIK3CA"	0.1	0	0	0.2	0.019998412824379	0.00416632222865173	0.208332644457303
112843189	5	"APC"	0.1	0.000797660196756182	0.000159786950732357	0.200319573901465	0	0	0.2
179203554	3	"PIK3CA"	0.1	0	0	0.2	0.0312148808370471	0.00665867570472018	0.21331735140944
7669674	17	"TP53"	0.1	0.00159277940005309	0.000319573901464714	0.200639147802929	0	0	0.2
112821899	5	"APC"	0.1	0.00119553666312434	0.000239680426098535	0.200479360852197	0	0	0.2
179210564	3	"PIK3CA"	0.1	0	0	0.2	0.00478958572130342	0.000967181945937009	0.201934363891874
25245280	12	"KRAS"	0.1	0	0	0.2	0.013218783952356	0.00271554930974622	0.205431098619492
112839745	5	"APC"	0.1	0.0035695399259651	0.000719041278295606	0.201438082556591	0	0	0.2
179224742	3	"PIK3CA"	0.1	0	0	0.2	0.0146250451390282	0.00301314375464991	0.2060262875093
112843529	5	"APC"	0.1	0	0	0.2	0.00588187239604608	0.00119037777961478	0.20238075555923
112839427	5	"APC"	0.1	0	0	0.2	0.00148355724058353	0.000297594444903695	0.200595188889807
112840607	5	"APC"	0.1	0	0	0.2	0.00606345188028255	0.00122757708522774	0.202455154170455
112837592	5	"APC"	0.1	0.000399148483235764	7.98934753661784e-05	0.200159786950732	0	0	0.2
179234195	3	"PIK3CA"	0.1	0.000797660196756182	0.000159786950732357	0.200319573901465	0	0	0.2
179221047	3	"PIK3CA"	0.1	0	0	0.2	0.00660739048862061	0.00133917500206663	0.202678350004133
112841182	5	"APC"	0.1	0	0	0.2	0.00295833675733421	0.00059518888980739	0.201190377779615
112840836	5	"APC"	0.1	0.0031754432389521	0.000639147802929427	0.201278295605859	0	0	0.2
112839289	5	"APC"	0.1	0.00119553666312434	0.000239680426098535	0.200479360852197	0	0	0.2
179199008	3	"PIK3CA"	0.1	0	0	0.2	0.00222203933832606	0.000446391667355543	0.200892783334711
112837901	5	"APC"	0.1	0.00159277940005309	0.000319573901464714	0.200639147802929	0	0	0.2
112838112	5	"APC"	0.1	0.0019893899204244	0.000399467376830892	0.200798934753662	0	0	0.2
112838269	5	"APC"	0.1	0	0	0.2	0.00277446668584817	0.000557989584194428	0.201115979168389
179225996	3	"PIK3CA"	0.1	0.00119553666312434	0.000239680426098535	0.200479360852197	0	0	0.2
112839346	5	"APC"	0.1	0.00159277940005309	0.000319573901464714	0.200639147802929	0	0	0.2
179199097	3	"PIK3CA"	0.1	0.00119553666312434	0.000239680426098535	0.200479360852197	0	0	0.2
179221132	3	"PIK3CA"	0.1	0	0	0.2	0.00460706826651378	0.000929982640324047	0.201859965280648
179198845	3	"PIK3CA"	0.1	0	0	0.2	0.00222203933832606	0.000446391667355543	0.200892783334711
179198916	3	"PIK3CA"	0.1	0.0031754432389521	0.000639147802929427	0.201278295605859	0	0	0.2
179204561	3	"PIK3CA"	0.1	0	0	0.2	0.000371716504212787	7.43986112259238e-05	0.200148797222452
112843012	5	"APC"	0.1	0.000797660196756182	0.000159786950732357	0.200319573901465	0	0	0.2
112837904	5	"APC"	0.1	0	0	0.2	0.00222203933832606	0.000446391667355543	0.200892783334711
112823726	5	"APC"	0.1	0.00278072033898305	0.000559254327563249	0.201118508655126	0	0	0.2
112841844	5	"APC"	0.1	0.00238536973230851	0.000479360852197071	0.200958721704394	0	0	0.2
112775649	5	"APC"	0.1	0.00278072033898305	0.000559254327563249	0.201118508655126	0	0	0.2
112841347	5	"APC"	0.1	0.0035695399259651	0.000719041278295606	0.201438082556591	0	0	0.2
112838243	5	"APC"	0.1	0.0019893899204244	0.000399467376830892	0.200798934753662	0	0	0.2
112840767	5	"APC"	0.1	0.00159277940005309	0.000319573901464714	0.200639147802929	0	0	0.2
179230242	3	"PIK3CA"	0.1	0	0	0.2	0.00185307198155164	0.000371993056129619	0.200743986112259
112835104	5	"APC"	0.1	0	0	0.2	0.00129859422022509	0.000260395139290733	0.200520790278581
112827211	5	"APC"	0.1	0	0	0.2	0.000371716504212787	7.43986112259238e-05	0.200148797222452
179210312	3	"PIK3CA"	0.1	0	0	0.2	0.00111349389640383	0.000223195833677771	0.200446391667356
112835157	5	"APC"	0.1	0	0	0.2	0.00148355724058353	0.000297594444903695	0.200595188889807
112843701	5	"APC"	0.1	0.00119553666312434	0.000239680426098535	0.200479360852197	0	0	0.2
112840807	5	"APC"	0.1	0.000399148483235764	7.98934753661784e-05	0.200159786950732	0	0	0.2
112843781	5	"APC"	0.1	0.00159277940005309	0.000319573901464714	0.200639147802929	0	0	0.2
112838562	5	"APC"	0.1	0.0035695399259651	0.000719041278295606	0.201438082556591	0	0	0.2
179201409	3	"PIK3CA"	0.1	0.000399148483235764	7.98934753661784e-05	0.200159786950732	0	0	0.2
179221086	3	"PIK3CA"	0.1	0	0	0.2	0.000371716504212787	7.43986112259238e-05	0.200148797222452
179229280	3	"PIK3CA"	0.1	0	0	0.2	0.00129859422022509	0.000260395139290733	0.200520790278581
7675104	17	"TP53"	0.1	0	0	0.2	0.000742880726372266	0.000148797222451848	0.200297594444904
112767211	5	"APC"	0.1	0	0	0.2	0.000557367573593163	0.000111597916838886	0.200223195833678
112841109	5	"APC"	0.1	0	0	0.2	0.00148355724058353	0.000297594444903695	0.200595188889807
179230007	3	"PIK3CA"	0.1	0	0	0.2	0.00129859422022509	0.000260395139290733	0.200520790278581
179234183	3	"PIK3CA"	0.1	0	0	0.2	0.000557367573593163	0.000111597916838886	0.200223195833678
179226008	3	"PIK3CA"	0.1	0.00119553666312434	0.000239680426098535	0.200479360852197	0	0	0.2
179201496	3	"PIK3CA"	0.1	0.000797660196756182	0.000159786950732357	0.200319573901465	0	0	0.2
112838160	5	"APC"	0.1	0.00159277940005309	0.000319573901464714	0.200639147802929	0	0	0.2
179224119	3	"PIK3CA"	0.1	0	0	0.2	0.00111349389640383	0.000223195833677771	0.200446391667356
179203740	3	"PIK3CA"	0.1	0	0	0.2	0.000371716504212787	7.43986112259238e-05	0.200148797222452
112838516	5	"APC"	0.1	0	0	0.2	0.000371716504212787	7.43986112259238e-05	0.200148797222452
112839778	5	"APC"	0.1	0	0	0.2	0.00111349389640383	0.000223195833677771	0.200446391667356
179210465	3	"PIK3CA"	0.1	0	0	0.2	0.000371716504212787	7.43986112259238e-05	0.200148797222452
179210512	3	"PIK3CA"	0.1	0	0	0.2	0.000742880726372266	0.000148797222451848	0.200297594444904
112843983	5	"APC"	0.1	0	0	0.2	0.000371716504212787	7.43986112259238e-05	0.200148797222452
112838301	5	"APC"	0.1	0	0	0.2	0.000742880726372266	0.000148797222451848	0.200297594444904
179203770	3	"PIK3CA"	0.1	0.000797660196756182	0.000159786950732357	0.200319573901465	0	0	0.2
112838833	5	"APC"	0.1	0.000797660196756182	0.000159786950732357	0.200319573901465	0	0	0.2
179209617	3	"PIK3CA"	0.1	0.000399148483235764	7.98934753661784e-05	0.200159786950732	0	0	0.2
112843839	5	"APC"	0.1	0.000797660196756182	0.000159786950732357	0.200319573901465	0	0	0.2
179203561	3	"PIK3CA"	0.1	0	0	0.2	0.000742880726372266	0.000148797222451848	0.200297594444904
112840583	5	"APC"	0.1	0	0	0.2	0.000742880726372266	0.000148797222451848	0.200297594444904
179218215	3	"PIK3CA"	0.1	0	0	0.2	0.000185927364376317	3.71993056129619e-05	0.200074398611226
7676197	17	"TP53"	0.1	0	0	0.2	0.000742880726372266	0.000148797222451848	0.200297594444904
7669618	17	"TP53"	0.1	0	0	0.2	0.000371716504212787	7.43986112259238e-05	0.200148797222452
25227250	12	"KRAS"	0.1	0	0	0.2	0.000742880726372266	0.000148797222451848	0.200297594444904
112766390	5	"APC"	0.1	0	0	0.2	0.000371716504212787	7.43986112259238e-05	0.200148797222452
112839575	5	"APC"	0.1	0	0	0.2	0.000371716504212787	7.43986112259238e-05	0.200148797222452
112837679	5	"APC"	0.1	0.000797660196756182	0.000159786950732357	0.200319573901465	0	0	0.2
179199012	3	"PIK3CA"	0.1	0	0	0.2	0.000371716504212787	7.43986112259238e-05	0.200148797222452
112843780	5	"APC"	0.1	0.000797660196756182	0.000159786950732357	0.200319573901465	0	0	0.2
112838015	5	"APC"	0.1	0.000399148483235764	7.98934753661784e-05	0.200159786950732	0	0	0.2
179230080	3	"PIK3CA"	0.1	0	0	0.2	0.000371716504212787	7.43986112259238e-05	0.200148797222452
112841852	5	"APC"	0.1	0	0	0.2	0.000371716504212787	7.43986112259238e-05	0.200148797222452
179224799	3	"PIK3CA"	0.1	0	0	0.2	0.000371716504212787	7.43986112259238e-05	0.200148797222452
112838633	5	"APC"	0.1	0	0	0.2	0.000371578382395442	7.43986112259238e-05	0.200223195833678
112843686	5	"APC"	0.1	0	0	0.2	0.000371716504212787	7.43986112259238e-05	0.200148797222452
112842695	5	"APC"	0.1	0	0	0.2	0.000371716504212787	7.43986112259238e-05	0.200148797222452
112841338	5	"APC"	0.1	0	0	0.2	0.000371716504212787	7.43986112259238e-05	0.200148797222452
179219212	3	"PIK3CA"	0.1	0	0	0.2	0.000371716504212787	7.43986112259238e-05	0.200148797222452
112843700	5	"APC"	0.1	0	0	0.2	0.000371716504212787	7.43986112259238e-05	0.200148797222452
112838279	5	"APC"	0.1	0	0	0.2	0.000371716504212787	7.43986112259238e-05	0.200148797222452
179198841	3	"PIK3CA"	0.1	0	0	0.2	0.000185927364376317	3.71993056129619e-05	0.200074398611226
179234492	3	"PIK3CA"	0.1	0	0	0.2	0.000371716504212787	7.43986112259238e-05	0.200148797222452
112839120	5	"APC"	0.1	0	0	0.2	0.000371716504212787	7.43986112259238e-05	0.200148797222452
112842894	5	"APC"	0.1	0	0	0.2	0.000371716504212787	7.43986112259238e-05	0.200148797222452
112843114	5	"APC"	0.1	0	0	0.2	0.000371716504212787	7.43986112259238e-05	0.200148797222452
112838334	5	"APC"	0.1	0	0	0.2	0.000371716504212787	7.43986112259238e-05	0.200148797222452
25209854	12	"KRAS"	0.1	0	0	0.2	0.000371716504212787	7.43986112259238e-05	0.200148797222452
179219980	3	"PIK3CA"	0.1	0	0	0.2	0.000371716504212787	7.43986112259238e-05	0.200148797222452
7674245	17	"TP53"	0.1	0	0	0.2	0.000371716504212787	7.43986112259238e-05	0.200148797222452
179234182	3	"PIK3CA"	0.1	0	0	0.2	0.000185927364376317	3.71993056129619e-05	0.200074398611226
112842630	5	"APC"	0.1	0	0	0.2	0.000371716504212787	7.43986112259238e-05	0.200148797222452
112838055	5	"APC"	0.1	0	0	0.2	0.000371716504212787	7.43986112259238e-05	0.200148797222452
179201527	3	"PIK3CA"	0.1	0.000399148483235764	7.98934753661784e-05	0.200159786950732	0	0	0.2
112834964	5	"APC"	0.1	0.000399148483235764	7.98934753661784e-05	0.200159786950732	0	0	0.2
112780813	5	"APC"	0.1	0.000399148483235764	7.98934753661784e-05	0.200159786950732	0	0	0.2
179198960	3	"PIK3CA"	0.1	0.000399148483235764	7.98934753661784e-05	0.200159786950732	0	0	0.2
112841146	5	"APC"	0.1	0.000399148483235764	7.98934753661784e-05	0.200159786950732	0	0	0.2
112841887	5	"APC"	0.1	0	0	0.2	0.000185927364376317	3.71993056129619e-05	0.200074398611226
112839912	5	"APC"	0.1	0	0	0.2	0.000185927364376317	3.71993056129619e-05	0.200074398611226
112766394	5	"APC"	0.1	0	0	0.2	0.000185927364376317	3.71993056129619e-05	0.200074398611226
7676219	17	"TP53"	0.1	0	0	0.2	0.000185927364376317	3.71993056129619e-05	0.200074398611226
112842935	5	"APC"	0.1	0	0	0.2	0.000185927364376317	3.71993056129619e-05	0.200074398611226
179221013	3	"PIK3CA"	0.1	0	0	0.2	0.000185927364376317	3.71993056129619e-05	0.200074398611226
179234154	3	"PIK3CA"	0.1	0	0	0.2	0.000185927364376317	3.71993056129619e-05	0.200074398611226
112837893	5	"APC"	0.1	0	0	0.2	0.000185927364376317	3.71993056129619e-05	0.200074398611226
112837824	5	"APC"	0.1	0	0	0.2	0.000185927364376317	3.71993056129619e-05	0.200074398611226
112842494	5	"APC"	0.1	0	0	0.2	0.000185927364376317	3.71993056129619e-05	0.200074398611226
112843610	5	"APC"	0.1	0	0	0.2	0.000185927364376317	3.71993056129619e-05	0.200074398611226
112839622	5	"APC"	0.1	0	0	0.2	0.000185927364376317	3.71993056129619e-05	0.200074398611226
25225697	12	"KRAS"	0.1	0	0	0.2	0.000185927364376317	3.71993056129619e-05	0.200074398611226
179203637	3	"PIK3CA"	0.1	0	0	0.2	0.000185927364376317	3.71993056129619e-05	0.200074398611226
112843219	5	"APC"	0.1	0	0	0.2	0.000185927364376317	3.71993056129619e-05	0.200074398611226
112842910	5	"APC"	0.1	0	0	0.2	0.000185927364376317	3.71993056129619e-05	0.200074398611226
179201405	3	"PIK3CA"	0.1	0	0	0.2	0.000185927364376317	3.71993056129619e-05	0.200074398611226
112838553	5	"APC"	0.1	0	0	0.2	0.000185927364376317	3.71993056129619e-05	0.200074398611226
179203727	3	"PIK3CA"	0.1	0	0	0.2	0.000185927364376317	3.71993056129619e-05	0.200074398611226
112843455	5	"APC"	0.1	0	0	0.2	0.000185927364376317	3.71993056129619e-05	0.200074398611226
179220045	3	"PIK3CA"	0.1	0	0	0.2	0.000185927364376317	3.71993056129619e-05	0.200074398611226
112838246	5	"APC"	0.1	0	0	0.2	0.000185927364376317	3.71993056129619e-05	0.200074398611226
112780843	5	"APC"	0.1	0	0	0.2	0.000185927364376317	3.71993056129619e-05	0.200074398611226
112843412	5	"APC"	0.1	0	0	0.2	0.000185927364376317	3.71993056129619e-05	0.200074398611226
112843357	5	"APC"	0.1	0	0	0.2	0.000185927364376317	3.71993056129619e-05	0.200074398611226
112840292	5	"APC"	0.1	0	0	0.2	0.000185927364376317	3.71993056129619e-05	0.200074398611226
112792481	5	"APC"	0.1	0	0	0.2	0.000185927364376317	3.71993056129619e-05	0.200074398611226
112839926	5	"APC"	0.1	0	0	0.2	0.000185927364376317	3.71993056129619e-05	0.200074398611226
112843885	5	"APC"	0.1	0	0	0.2	0.000185927364376317	3.71993056129619e-05	0.200074398611226
7676240	17	"TP53"	0.1	0	0	0.2	0.000185927364376317	3.71993056129619e-05	0.200074398611226
179234098	3	"PIK3CA"	0.1	0	0	0.2	0.000185927364376317	3.71993056129619e-05	0.200074398611226
179203628	3	"PIK3CA"	0.1	0	0	0.2	0.000185927364376317	3.71993056129619e-05	0.200074398611226
179234099	3	"PIK3CA"	0.1	0	0	0.2	0.000185927364376317	3.71993056129619e-05	0.200074398611226
112839563	5	"APC"	0.1	0	0	0.2	0.000185927364376317	3.71993056129619e-05	0.200074398611226
7669622	17	"TP53"	0.1	0	0	0.2	0.000185927364376317	3.71993056129619e-05	0.200074398611226
25227260	12	"KRAS"	0.2	0.399943194930148	0.8	2.00028406569019	0.384173543433725	0.663470281888071	1.72700669587501
179226004	3	"PIK3CA"	0.2	0	0	0.4	0.296570681505816	0.292535339340332	0.986393320658014
179203714	3	"PIK3CA"	0.2	0.000709156989628579	0.000284065690190857	0.400568131380382	0	0	0.4
179224131	3	"PIK3CA"	0.2	0.000532056397978186	0.000213049267643142	0.400426098535286	0	0	0.4
112815561	5	"APC"	0.2	0.00159277940005309	0.000639147802929427	0.401278295605859	0	0	0.4
112838941	5	"APC"	0.2	0.000532056397978186	0.000213049267643142	0.400426098535286	0	0	0.4
112842849	5	"APC"	0.2	0.000886132033673017	0.000355082112738571	0.400710164225477	0	0	0.4
179219608	3	"PIK3CA"	0.2	0	0	0.4	0.154627990635528	0.0895428618665785	0.579085723733157
179218255	3	"PIK3CA"	0.2	0.000709156989628579	0.000284065690190857	0.400568131380382	0	0	0.4
179210471	3	"PIK3CA"	0.2	0	0	0.4	0.0687958936337064	0.0319087377035629	0.463817475407126
112839803	5	"APC"	0.2	0.000886132033673017	0.000355082112738571	0.400710164225477	0	0	0.4
179199871	3	"PIK3CA"	0.2	0.00017747803709291	7.10164225477142e-05	0.400142032845095	0	0	0.4
179199779	3	"PIK3CA"	0.2	0	0	0.4	0.0132732684417987	0.00545589815656774	0.41104406051087
112842565	5	"APC"	0.2	0.0028246094094801	0.00113626276076343	0.402272525521527	0	0	0.4
179201385	3	"PIK3CA"	0.2	0	0	0.4	0.0392321170107412	0.0170290154583781	0.434058030916756
112827201	5	"APC"	0.2	0.00229742864716798	0.000923213493120284	0.40184642698624	0	0	0.4
112821902	5	"APC"	0.2	0.000354830125077619	0.000142032845095428	0.400284065690191	0	0	0.4
179230270	3	"PIK3CA"	0.2	0	0	0.4	0.00442441622285948	0.00178556666942217	0.403571133338844
112842155	5	"APC"	0.2	0.00247327974560551	0.000994229915667998	0.401988459831336	0	0	0.4
112838779	5	"APC"	0.2	0.000354830125077619	0.000142032845095428	0.400284065690191	0	0	0.4
112828968	5	"APC"	0.2	0.000532056397978186	0.000213049267643142	0.400426098535286	0	0	0.4
179203597	3	"PIK3CA"	0.2	0	0	0.4	0.0128070881997584	0.00525750185996528	0.41051500371993
179219676	3	"PIK3CA"	0.2	0	0	0.4	0.0102825682131002	0.00419938827808548	0.408398776556171
179210254	3	"PIK3CA"	0.2	0.000709156989628579	0.000284065690190857	0.400568131380382	0	0	0.4
179201477	3	"PIK3CA"	0.2	0	0	0.4	0.00909017125233342	0.00370339753657932	0.407406795073159
112843189	5	"APC"	0.2	0.000354830125077619	0.000142032845095428	0.400284065690191	0	0	0.4
179203554	3	"PIK3CA"	0.2	0	0	0.4	0.0143717382577278	0.00591882284864016	0.41183764569728
7669674	17	"TP53"	0.2	0.000709156989628579	0.000284065690190857	0.400568131380382	0	0	0.4
112821899	5	"APC"	0.2	0.000532056397978186	0.000213049267643142	0.400426098535286	0	0	0.4
179210564	3	"PIK3CA"	0.2	0	0	0.4	0.00214009383488353	0.000859717285277342	0.401719434570555
25245280	12	"KRAS"	0.2	0	0	0.4	0.00596259086825125	0.00241382160866331	0.404827643217327
112839745	5	"APC"	0.2	0.00159277940005309	0.000639147802929427	0.401278295605859	0	0	0.4
179224742	3	"PIK3CA"	0.2	0	0	0.4	0.00660739048862061	0.00267835000413326	0.405356700008266
112843529	5	"APC"	0.2	0	0	0.4	0.00263136255242168	0.0010581135818798	0.402116227163759
112839427	5	"APC"	0.2	0	0	0.4	0.000660447453149509	0.000264528395469951	0.40052905679094
112840607	5	"APC"	0.2	0	0	0.4	0.00271314642769054	0.00109117963131355	0.402182359262627
112837592	5	"APC"	0.2	0.00017747803709291	7.10164225477142e-05	0.400142032845095	0	0	0.4
179234195	3	"PIK3CA"	0.2	0.000354830125077619	0.000142032845095428	0.400284065690191	0	0	0.4
179221047	3	"PIK3CA"	0.2	0	0	0.4	0.00295833675733421	0.00119037777961478	0.402380755559229
112841182	5	"APC"	0.2	0	0	0.4	0.00131915244455437	0.000529056790939902	0.40105811358188
112840836	5	"APC"	0.2	0.00141630521377357	0.000568131380381713	0.401136262760763	0	0	0.4
112839289	5	"APC"	0.2	0.000532056397978186	0.000213049267643142	0.400426098535286	0	0	0.4
179199008	3	"PIK3CA"	0.2	0	0	0.4	0.000990017325303193	0.000396792593204927	0.40079358518641
112837901	5	"APC"	0.2	0.000709156989628579	0.000284065690190857	0.400568131380382	0	0	0.4
112838112	5	"APC"	0.2	0.000886132033673017	0.000355082112738571	0.400710164225477	0	0	0.4
112838269	5	"APC"	0.2	0	0	0.4	0.00123690937577307	0.000495990741506159	0.400991981483012
179225996	3	"PIK3CA"	0.2	0.000532056397978186	0.000213049267643142	0.400426098535286	0	0	0.4
112839346	5	"APC"	0.2	0.000709156989628579	0.000284065690190857	0.400568131380382	0	0	0.4
179199097	3	"PIK3CA"	0.2	0.000532056397978186	0.000213049267643142	0.400426098535286	0	0	0.4
179221132	3	"PIK3CA"	0.2	0	0	0.4	0.00205812134683461	0.000826651235843598	0.401653302471687
179198845	3	"PIK3CA"	0.2	0	0	0.4	0.000990017325303193	0.000396792593204927	0.40079358518641
179198916	3	"PIK3CA"	0.2	0.00141630521377357	0.000568131380381713	0.401136262760763	0	0	0.4
179204561	3	"PIK3CA"	0.2	0	0	0.4	0.000165275597058094	6.61320988674878e-05	0.400132264197735
112843012	5	"APC"	0.2	0.000354830125077619	0.000142032845095428	0.400284065690191	0	0	0.4
112837904	5	"APC"	0.2	0	0	0.4	0.000990017325303193	0.000396792593204927	0.40079358518641
112823726	5	"APC"	0.2	0.00123970601257416	0.000497114957833999	0.400994229915668	0	0	0.4
112841844	5	"APC"	0.2	0.0010629816635663	0.000426098535286285	0.400852197070572	0	0	0.4
112775649	5	"APC"	0.2	0.00123970601257416	0.000497114957833999	0.400994229915668	0	0	0.4
112841347	5	"APC"	0.2	0.00159277940005309	0.000639147802929427	0.401278295605859	0	0	0.4
112838243	5	"APC"	0.2	0.000886132033673017	0.000355082112738571	0.400710164225477	0	0	0.4
112840767	5	"APC"	0.2	0.000709156989628579	0.000284065690190857	0.400568131380382	0	0	0.4
179230242	3	"PIK3CA"	0.2	0	0	0.4	0.000825286787158538	0.000330660494337439	0.400661320988675
112835104	5	"APC"	0.2	0	0	0.4	0.000577986954008752	0.000231462346036207	0.400462924692072
112827211	5	"APC"	0.2	0	0	0.4	0.000165275597058094	6.61320988674878e-05	0.400132264197735
179210312	3	"PIK3CA"	0.2	0	0	0.4	0.000495499215459576	0.000198396296602463	0.400396792593205
112835157	5	"APC"	0.2	0	0	0.4	0.000660447453149509	0.000264528395469951	0.40052905679094
112843701	5	"APC"	0.2	0.000532056397978186	0.000213049267643142	0.400426098535286	0	0	0.4
112840807	5	"APC"	0.2	0.00017747803709291	7.10164225477142e-05	0.400142032845095	0	0	0.4
112843781	5	"APC"	0.2	0.000709156989628579	0.000284065690190857	0.400568131380382	0	0	0.4
112838562	5	"APC"	0.2	0.00159277940005309	0.000639147802929427	0.401278295605859	0	0	0.4
179201409	3	"PIK3CA"	0.2	0.00017747803709291	7.10164225477142e-05	0.400142032845095	0	0	0.4
179221086	3	"PIK3CA"	0.2	0	0	0.4	0.000165275597058094	6.61320988674878e-05	0.400132264197735
179229280	3	"PIK3CA"	0.2	0	0	0.4	0.000577986954008752	0.000231462346036207	0.400462924692072
7675104	17	"TP53"	0.2	0	0	0.4	0.000330441966129698	0.000132264197734976	0.40026452839547
112767211	5	"APC"	0.2	0	0	0.4	0.000247872428323556	9.91981483012317e-05	0.400198396296602
112841109	5	"APC"	0.2	0	0	0.4	0.000660447453149509	0.000264528395469951	0.40052905679094
179230007	3	"PIK3CA"	0.2	0	0	0.4	0.000577986954008752	0.000231462346036207	0.400462924692072
179234183	3	"PIK3CA"	0.2	0	0	0.4	0.000247872428323556	9.91981483012317e-05	0.400198396296602
179226008	3	"PIK3CA"	0.2	0.000532056397978186	0.000213049267643142	0.400426098535286	0	0	0.4
179201496	3	"PIK3CA"	0.2	0.000354830125077619	0.000142032845095428	0.400284065690191	0	0	0.4
112838160	5	"APC"	0.2	0.000709156989628579	0.000284065690190857	0.400568131380382	0	0	0.4
179224119	3	"PIK3CA"	0.2	0	0	0.4	0.000495499215459576	0.000198396296602463	0.400396792593205
179203740	3	"PIK3CA"	0.2	0	0	0.4	0.000165275597058094	6.61320988674878e-05	0.400132264197735
112838516	5	"APC"	0.2	0	0	0.4	0.000165275597058094	6.61320988674878e-05	0.400132264197735
112839778	5	"APC"	0.2	0	0	0.4	0.000495499215459576	0.000198396296602463	0.400396792593205
179210465	3	"PIK3CA"	0.2	0	0	0.4	0.000165275597058094	6.61320988674878e-05	0.400132264197735
179210512	3	"PIK3CA"	0.2	0	0	0.4	0.000330441966129698	0.000132264197734976	0.40026452839547
112843983	5	"APC"	0.2	0	0	0.4	0.000165275597058094	6.61320988674878e-05	0.400132264197735
112838301	5	"APC"	0.2	0	0	0.4	0.000330441966129698	0.000132264197734976	0.40026452839547
179203770	3	"PIK3CA"	0.2	0.000354830125077619	0.000142032845095428	0.400284065690191	0	0	0.4
112838833	5	"APC"	0.2	0.000354830125077619	0.000142032845095428	0.400284065690191	0	0	0.4
179209617	3	"PIK3CA"	0.2	0.00017747803709291	7.10164225477142e-05	0.400142032845095	0	0	0.4
112843839	5	"APC"	0.2	0.000354830125077619	0.000142032845095428	0.400284065690191	0	0	0.4
179203561	3	"PIK3CA"	0.2	0	0	0.4	0.000330441966129698	0.000132264197734976	0.40026452839547
112840583	5	"APC"	0.2	0	0	0.4	0.000330441966129698	0.000132264197734976	0.40026452839547
179218215	3	"PIK3CA"	0.2	0	0	0.4	8.26514587982478e-05	3.30660494337439e-05	0.400066132098867
7676197	17	"TP53"	0.2	0	0	0.4	0.000330441966129698	0.000132264197734976	0.40026452839547
7669618	17	"TP53"	0.2	0	0	0.4	0.000165275597058094	6.61320988674878e-05	0.400132264197735
25227250	12	"KRAS"	0.2	0	0	0.4	0.000330441966129698	0.000132264197734976	0.40026452839547
112766390	5	"APC"	0.2	0	0	0.4	0.000165275597058094	6.61320988674878e-05	0.400132264197735
112839575	5	"APC"	0.2	0	0	0.4	0.000165275597058094	6.61320988674878e-05	0.400132264197735
112837679	5	"APC"	0.2	0.000354830125077619	0.000142032845095428	0.400284065690191	0	0	0.4
179199012	3	"PIK3CA"	0.2	0	0	0.4	0.000165275597058094	6.61320988674878e-05	0.400132264197735
112843780	5	"APC"	0.2	0.000354830125077619	0.000142032845095428	0.400284065690191	0	0	0.4
112838015	5	"APC"	0.2	0.00017747803709291	7.10164225477142e-05	0.400142032845095	0	0	0.4
179230080	3	"PIK3CA"	0.2	0	0	0.4	0.000165275597058094	6.61320988674878e-05	0.400132264197735
112841852	5	"APC"	0.2	0	0	0.4	0.000165275597058094	6.61320988674878e-05	0.400132264197735
179224799	3	"PIK3CA"	0.2	0	0	0.4	0.000165275597058094	6.61320988674878e-05	0.400132264197735
112838633	5	"APC"	0.2	0	0	0.4	0.000165248285549037	6.61320988674878e-05	0.400198396296602
112843686	5	"APC"	0.2	0	0	0.4	0.000165275597058094	6.61320988674878e-05	0.400132264197735
112842695	5	"APC"	0.2	0	0	0.4	0.000165275597058094	6.61320988674878e-05	0.400132264197735
112841338	5	"APC"	0.2	0	0	0.4	0.000165275597058094	6.61320988674878e-05	0.400132264197735
179219212	3	"PIK3CA"	0.2	0	0	0.4	0.000165275597058094	6.61320988674878e-05	0.400132264197735
112843700	5	"APC"	0.2	0	0	0.4	0.000165275597058094	6.61320988674878e-05	0.400132264197735
112838279	5	"APC"	0.2	0	0	0.4	0.000165275597058094	6.61320988674878e-05	0.400132264197735
179198841	3	"PIK3CA"	0.2	0	0	0.4	8.26514587982478e-05	3.30660494337439e-05	0.400066132098867
179234492	3	"PIK3CA"	0.2	0	0	0.4	0.000165275597058094	6.61320988674878e-05	0.400132264197735
112839120	5	"APC"	0.2	0	0	0.4	0.000165275597058094	6.61320988674878e-05	0.400132264197735
112842894	5	"APC"	0.2	0	0	0.4	0.000165275597058094	6.61320988674878e-05	0.400132264197735
112843114	5	"APC"	0.2	0	0	0.4	0.000165275597058094	6.61320988674878e-05	0.400132264197735
112838334	5	"APC"	0.2	0	0	0.4	0.000165275597058094	6.61320988674878e-05	0.400132264197735
25209854	12	"KRAS"	0.2	0	0	0.4	0.000165275597058094	6.61320988674878e-05	0.400132264197735
179219980	3	"PIK3CA"	0.2	0	0	0.4	0.000165275597058094	6.61320988674878e-05	0.400132264197735
7674245	17	"TP53"	0.2	0	0	0.4	0.000165275597058094	6.61320988674878e-05	0.400132264197735
179234182	3	"PIK3CA"	0.2	0	0	0.4	8.26514587982478e-05	3.30660494337439e-05	0.400066132098867
112842630	5	"APC"	0.2	0	0	0.4	0.000165275597058094	6.61320988674878e-05	0.400132264197735
112838055	5	"APC"	0.2	0	0	0.4	0.000165275597058094	6.61320988674878e-05	0.400132264197735
179201527	3	"PIK3CA"	0.2	0.00017747803709291	7.10164225477142e-05	0.400142032845095	0	0	0.4
112834964	5	"APC"	0.2	0.00017747803709291	7.10164225477142e-05	0.400142032845095	0	0	0.4
112780813	5	"APC"	0.2	0.00017747803709291	7.10164225477142e-05	0.400142032845095	0	0	0.4
179198960	3	"PIK3CA"	0.2	0.00017747803709291	7.10164225477142e-05	0.400142032845095	0	0	0.4
112841146	5	"APC"	0.2	0.00017747803709291	7.10164225477142e-05	0.400142032845095	0	0	0.4
112841887	5	"APC"	0.2	0	0	0.4	8.26514587982478e-05	3.30660494337439e-05	0.400066132098867
112839912	5	"APC"	0.2	0	0	0.4	8.26514587982478e-05	3.30660494337439e-05	0.400066132098867
112766394	5	"APC"	0.2	0	0	0.4	8.26514587982478e-05	3.30660494337439e-05	0.400066132098867
7676219	17	"TP53"	0.2	0	0	0.4	8.26514587982478e-05	3.30660494337439e-05	0.400066132098867
112842935	5	"APC"	0.2	0	0	0.4	8.26514587982478e-05	3.30660494337439e-05	0.400066132098867
179221013	3	"PIK3CA"	0.2	0	0	0.4	8.26514587982478e-05	3.30660494337439e-05	0.400066132098867
179234154	3	"PIK3CA"	0.2	0	0	0.4	8.26514587982478e-05	3.30660494337439e-05	0.400066132098867
112837893	5	"APC"	0.2	0	0	0.4	8.26514587982478e-05	3.30660494337439e-05	0.400066132098867
112837824	5	"APC"	0.2	0	0	0.4	8.26514587982478e-05	3.30660494337439e-05	0.400066132098867
112842494	5	"APC"	0.2	0	0	0.4	8.26514587982478e-05	3.30660494337439e-05	0.400066132098867
112843610	5	"APC"	0.2	0	0	0.4	8.26514587982478e-05	3.30660494337439e-05	0.400066132098867
112839622	5	"APC"	0.2	0	0	0.4	8.26514587982478e-05	3.30660494337439e-05	0.400066132098867
25225697	12	"KRAS"	0.2	0	0	0.4	8.26514587982478e-05	3.30660494337439e-05	0.400066132098867
179203637	3	"PIK3CA"	0.2	0	0	0.4	8.26514587982478e-05	3.30660494337439e-05	0.400066132098867
112843219	5	"APC"	0.2	0	0	0.4	8.26514587982478e-05	3.30660494337439e-05	0.400066132098867
112842910	5	"APC"	0.2	0	0	0.4	8.26514587982478e-05	3.30660494337439e-05	0.400066132098867
179201405	3	"PIK3CA"	0.2	0	0	0.4	8.26514587982478e-05	3.30660494337439e-05	0.400066132098867
112838553	5	"APC"	0.2	0	0	0.4	8.26514587982478e-05	3.30660494337439e-05	0.400066132098867
179203727	3	"PIK3CA"	0.2	0	0	0.4	8.26514587982478e-05	3.30660494337439e-05	0.400066132098867
112843455	5	"APC"	0.2	0	0	0.4	8.26514587982478e-05	3.30660494337439e-05	0.400066132098867
179220045	3	"PIK3CA"	0.2	0	0	0.4	8.26514587982478e-05	3.30660494337439e-05	0.400066132098867
112838246	5	"APC"	0.2	0	0	0.4	8.26514587982478e-05	3.30660494337439e-05	0.400066132098867
112780843	5	"APC"	0.2	0	0	0.4	8.26514587982478e-05	3.30660494337439e-05	0.400066132098867
112843412	5	"APC"	0.2	0	0	0.4	8.26514587982478e-05	3.30660494337439e-05	0.400066132098867
112843357	5	"APC"	0.2	0	0	0.4	8.26514587982478e-05	3.30660494337439e-05	0.400066132098867
112840292	5	"APC"	0.2	0	0	0.4	8.26514587982478e-05	3.30660494337439e-05	0.400066132098867
112792481	5	"APC"	0.2	0	0	0.4	8.26514587982478e-05	3.30660494337439e-05	0.400066132098867
112839926	5	"APC"	0.2	0	0	0.4	8.26514587982478e-05	3.30660494337439e-05	0.400066132098867
112843885	5	"APC"	0.2	0	0	0.4	8.26514587982478e-05	3.30660494337439e-05	0.400066132098867
7676240	17	"TP53"	0.2	0	0	0.4	8.26514587982478e-05	3.30660494337439e-05	0.400066132098867
179234098	3	"PIK3CA"	0.2	0	0	0.4	8.26514587982478e-05	3.30660494337439e-05	0.400066132098867
179203628	3	"PIK3CA"	0.2	0	0	0.4	8.26514587982478e-05	3.30660494337439e-05	0.400066132098867
179234099	3	"PIK3CA"	0.2	0	0	0.4	8.26514587982478e-05	3.30660494337439e-05	0.400066132098867
112839563	5	"APC"	0.2	0	0	0.4	8.26514587982478e-05	3.30660494337439e-05	0.400066132098867
7669622	17	"TP53"	0.2	0	0	0.4	8.26514587982478e-05	3.30660494337439e-05	0.400066132098867
25227260	12	"KRAS"	0.5	0.249977809337831	0.5	2.00017754105637	0.226671938544962	0.414668926180045	1.82937918492188
179226004	3	"PIK3CA"	0.5	0	0	1	0.133798130728048	0.182834587087708	1.36649582541126
179203714	3	"PIK3CA"	0.5	0.00017747803709291	0.000177541056369285	1.00035508211274	0	0	1
179224131	3	"PIK3CA"	0.5	0.000133120340788072	0.000133155792276964	1.00026631158455	0	0	1
112815561	5	"APC"	0.5	0.000399148483235764	0.000399467376830892	1.00079893475366	0	0	1
112838941	5	"APC"	0.5	0.000133120340788072	0.000133155792276964	1.00026631158455	0	0	1
112842849	5	"APC"	0.5	0.000221827861579414	0.000221926320461607	1.00044385264092	0	0	1
179219608	3	"PIK3CA"	0.5	0	0	1	0.05033083042153	0.0559642886666116	1.11192857733322
179218255	3	"PIK3CA"	0.5	0.00017747803709291	0.000177541056369285	1.00035508211274	0	0	1
179210471	3	"PIK3CA"	0.5	0	0	1	0.019178027743551	0.0199429610647268	1.03988592212945
112839803	5	"APC"	0.5	0.000221827861579414	0.000221926320461607	1.00044385264092	0	0	1
179199871	3	"PIK3CA"	0.5	4.43813243387183e-05	4.43852640923214e-05	1.00008877052818	0	0	1
179199779	3	"PIK3CA"	0.5	0	0	1	0.00338656048602274	0.00340993634785484	1.00690253781929
112842565	5	"APC"	0.5	0.000709156989628579	0.000710164225477142	1.00142032845095	0	0	1
179201385	3	"PIK3CA"	0.5	0	0	1	0.0104213039783075	0.0106431346614863	1.02128626932297
112827201	5	"APC"	0.5	0.00057634332328427	0.000577008433200178	1.0011540168664	0	0	1
112821902	5	"APC"	0.5	8.87547705689181e-05	8.87705281846427e-05	1.00017754105637	0	0	1
179230270	3	"PIK3CA"	0.5	0	0	1	0.00111349389640383	0.00111597916838886	1.00223195833678
112842155	5	"APC"	0.5	0.000620622395602447	0.000621393697292499	1.00124278739459	0	0	1
112838779	5	"APC"	0.5	8.87547705689181e-05	8.87705281846427e-05	1.00017754105637	0	0	1
112828968	5	"APC"	0.5	0.000133120340788072	0.000133155792276964	1.00026631158455	0	0	1
179203597	3	"PIK3CA"	0.5	0	0	1	0.00326448486839404	0.0032859386624783	1.00657187732496
179219676	3	"PIK3CA"	0.5	0	0	1	0.00261091238024752	0.00262461767380342	1.00524923534761
179210254	3	"PIK3CA"	0.5	0.00017747803709291	0.000177541056369285	1.00035508211274	0	0	1
179201477	3	"PIK3CA"	0.5	0	0	1	0.00230395787048465	0.00231462346036207	1.00462924692072
112843189	5	"APC"	0.5	8.87547705689181e-05	8.87705281846427e-05	1.00017754105637	0	0	1
179203554	3	"PIK3CA"	0.5	0	0	1	0.0036720961719936	0.0036992642804001	1.0073985285608
7669674	17	"TP53"	0.5	0.00017747803709291	0.000177541056369285	1.00035508211274	0	0	1
112821899	5	"APC"	0.5	0.000133120340788072	0.000133155792276964	1.00026631158455	0	0	1
179210564	3	"PIK3CA"	0.5	0	0	1	0.000536746490503716	0.000537323303298338	1.0010746466066
25245280	12	"KRAS"	0.5	0	0	1	0.00150410021840359	0.00150863850541457	1.00301727701083
112839745	5	"APC"	0.5	0.000399148483235764	0.000399467376830892	1.00079893475366	0	0	1
179224742	3	"PIK3CA"	0.5	0	0	1	0.00166838311019567	0.00167396875258329	1.00334793750517
112843529	5	"APC"	0.5	0	0	1	0.000660447453149509	0.000661320988674878	1.00132264197735
112839427	5	"APC"	0.5	0	0	1	0.000165275597058094	0.00016533024716872	1.00033066049434
112840607	5	"APC"	0.5	0	0	1	0.000681058323358237	0.000681987269570968	1.00136397453914
112837592	5	"APC"	0.5	4.43813243387183e-05	4.43852640923214e-05	1.00008877052818	0	0	1
179234195	3	"PIK3CA"	0.5	8.87547705689181e-05	8.87705281846427e-05	1.00017754105637	0	0	1
179221047	3	"PIK3CA"	0.5	0	0	1	0.000742880726372266	0.000743986112259238	1.00148797222452
112841182	5	"APC"	0.5	0	0	1	0.000330441966129698	0.000330660494337439	1.00066132098867
112840836	5	"APC"	0.5	0.000354830125077619	0.000355082112738571	1.00071016422548	0	0	1
112839289	5	"APC"	0.5	0.000133120340788072	0.000133155792276964	1.00026631158455	0	0	1
179199008	3	"PIK3CA"	0.5	0	0	1	0.000247872428323556	0.000247995370753079	1.00049599074151
112837901	5	"APC"	0.5	0.00017747803709291	0.000177541056369285	1.00035508211274	0	0	1
112838112	5	"APC"	0.5	0.000221827861579414	0.000221926320461607	1.00044385264092	0	0	1
112838269	5	"APC"	0.5	0	0	1	0.000309802139700112	0.000309994213441349	1.00061998842688
179225996	3	"PIK3CA"	0.5	0.000133120340788072	0.000133155792276964	1.00026631158455	0	0	1
112839346	5	"APC"	0.5	0.00017747803709291	0.000177541056369285	1.00035508211274	0	0	1
179199097	3	"PIK3CA"	0.5	0.000133120340788072	0.000133155792276964	1.00026631158455	0	0	1
179221132	3	"PIK3CA"	0.5	0	0	1	0.000516123704529502	0.000516657022402248	1.0010333140448
179198845	3	"PIK3CA"	0.5	0	0	1	0.000247872428323556	0.000247995370753079	1.00049599074151
179198916	3	"PIK3CA"	0.5	0.000354830125077619	0.000355082112738571	1.00071016422548	0	0	1
179204561	3	"PIK3CA"	0.5	0	0	1	4.13291453132749e-05	4.13325617921799e-05	1.00008266512358
112843012	5	"APC"	0.5	8.87547705689181e-05	8.87705281846427e-05	1.00017754105637	0	0	1
112837904	5	"APC"	0.5	0	0	1	0.000247872428323556	0.000247995370753079	1.00049599074151
112823726	5	"APC"	0.5	0.000310503903477644	0.000310696848646249	1.00062139369729	0	0	1
112841844	5	"APC"	0.5	0.000266169816342827	0.000266311584553928	1.00053262316911	0	0	1
112775649	5	"APC"	0.5	0.000310503903477644	0.000310696848646249	1.00062139369729	0	0	1
112841347	5	"APC"	0.5	0.000399148483235764	0.000399467376830892	1.00079893475366	0	0	1
112838243	5	"APC"	0.5	0.000221827861579414	0.000221926320461607	1.00044385264092	0	0	1
112840767	5	"APC"	0.5	0.00017747803709291	0.000177541056369285	1.00035508211274	0	0	1
179230242	3	"PIK3CA"	0.5	0	0	1	0.000206577425218972	0.000206662808960899	1.00041332561792
112835104	5	"APC"	0.5	0	0	1	0.000144622123052766	0.00014466396627263	1.00028932793255
112827211	5	"APC"	0.5	0	0	1	4.13291453132749e-05	4.13325617921799e-05	1.00008266512358
179210312	3	"PIK3CA"	0.5	0	0	1	0.00012396694214876	0.00012399768537654	1.00024799537075
112835157	5	"APC"	0.5	0	0	1	0.000165275597058094	0.00016533024716872	1.00033066049434
112843701	5	"APC"	0.5	0.000133120340788072	0.000133155792276964	1.00026631158455	0	0	1
112840807	5	"APC"	0.5	4.43813243387183e-05	4.43852640923214e-05	1.00008877052818	0	0	1
112843781	5	"APC"	0.5	0.00017747803709291	0.000177541056369285	1.00035508211274	0	0	1
112838562	5	"APC"	0.5	0.000399148483235764	0.000399467376830892	1.00079893475366	0	0	1
179201409	3	"PIK3CA"	0.5	4.43813243387183e-05	4.43852640923214e-05	1.00008877052818	0	0	1
179221086	3	"PIK3CA"	0.5	0	0	1	4.13291453132749e-05	4.13325617921799e-05	1.00008266512358
179229280	3	"PIK3CA"	0.5	0	0	1	0.000144622123052766	0.00014466396627263	1.00028932793255
7675104	17	"TP53"	0.5	0	0	1	8.26514587982478e-05	8.26651235843598e-05	1.00016533024717
112767211	5	"APC"	0.5	0	0	1	6.19911559284209e-05	6.19988426882698e-05	1.00012399768538
112841109	5	"APC"	0.5	0	0	1	0.000165275597058094	0.00016533024716872	1.00033066049434
179230007	3	"PIK3CA"	0.5	0	0	1	0.000144622123052766	0.00014466396627263	1.00028932793255
179234183	3	"PIK3CA"	0.5	0	0	1	6.19911559284209e-05	6.19988426882698e-05	1.00012399768538
179226008	3	"PIK3CA"	0.5	0.000133120340788072	0.000133155792276964	1.00026631158455	0	0	1
179201496	3	"PIK3CA"	0.5	8.87547705689181e-05	8.87705281846427e-05	1.00017754105637	0	0	1
112838160	5	"APC"	0.5	0.00017747803709291	0.000177541056369285	1.00035508211274	0	0	1
179224119	3	"PIK3CA"	0.5	0	0	1	0.00012396694214876	0.00012399768537654	1.00024799537075
179203740	3	"PIK3CA"	0.5	0	0	1	4.13291453132749e-05	4.13325617921799e-05	1.00008266512358
112838516	5	"APC"	0.5	0	0	1	4.13291453132749e-05	4.13325617921799e-05	1.00008266512358
112839778	5	"APC"	0.5	0	0	1	0.00012396694214876	0.00012399768537654	1.00024799537075
179210465	3	"PIK3CA"	0.5	0	0	1	4.13291453132749e-05	4.13325617921799e-05	1.00008266512358
179210512	3	"PIK3CA"	0.5	0	0	1	8.26514587982478e-05	8.26651235843598e-05	1.00016533024717
112843983	5	"APC"	0.5	0	0	1	4.13291453132749e-05	4.13325617921799e-05	1.00008266512358
112838301	5	"APC"	0.5	0	0	1	8.26514587982478e-05	8.26651235843598e-05	1.00016533024717
179203770	3	"PIK3CA"	0.5	8.87547705689181e-05	8.87705281846427e-05	1.00017754105637	0	0	1
112838833	5	"APC"	0.5	8.87547705689181e-05	8.87705281846427e-05	1.00017754105637	0	0	1
179209617	3	"PIK3CA"	0.5	4.43813243387183e-05	4.43852640923214e-05	1.00008877052818	0	0	1
112843839	5	"APC"	0.5	8.87547705689181e-05	8.87705281846427e-05	1.00017754105637	0	0	1
179203561	3	"PIK3CA"	0.5	0	0	1	8.26514587982478e-05	8.26651235843598e-05	1.00016533024717
112840583	5	"APC"	0.5	0	0	1	8.26514587982478e-05	8.26651235843598e-05	1.00016533024717
179218215	3	"PIK3CA"	0.5	0	0	1	2.06654267410622e-05	2.06662808960899e-05	1.00004133256179
7676197	17	"TP53"	0.5	0	0	1	8.26514587982478e-05	8.26651235843598e-05	1.00016533024717
7669618	17	"TP53"	0.5	0	0	1	4.13291453132749e-05	4.13325617921799e-05	1.00008266512358
25227250	12	"KRAS"	0.5	0	0	1	8.26514587982478e-05	8.26651235843598e-05	1.00016533024717
112766390	5	"APC"	0.5	0	0	1	4.13291453132749e-05	4.13325617921799e-05	1.00008266512358
112839575	5	"APC"	0.5	0	0	1	4.13291453132749e-05	4.13325617921799e-05	1.00008266512358
112837679	5	"APC"	0.5	8.87547705689181e-05	8.87705281846427e-05	1.00017754105637	0	0	1
179199012	3	"PIK3CA"	0.5	0	0	1	4.13291453132749e-05	4.13325617921799e-05	1.00008266512358
112843780	5	"APC"	0.5	8.87547705689181e-05	8.87705281846427e-05	1.00017754105637	0	0	1
112838015	5	"APC"	0.5	4.43813243387183e-05	4.43852640923214e-05	1.00008877052818	0	0	1
179230080	3	"PIK3CA"	0.5	0	0	1	4.13291453132749e-05	4.13325617921799e-05	1.00008266512358
112841852	5	"APC"	0.5	0	0	1	4.13291453132749e-05	4.13325617921799e-05	1.00008266512358
179224799	3	"PIK3CA"	0.5	0	0	1	4.13291453132749e-05	4.13325617921799e-05	1.00008266512358
112838633	5	"APC"	0.5	0	0	1	4.13274372856139e-05	4.13325617921799e-05	1.00012399768538
112843686	5	"APC"	0.5	0	0	1	4.13291453132749e-05	4.13325617921799e-05	1.00008266512358
112842695	5	"APC"	0.5	0	0	1	4.13291453132749e-05	4.13325617921799e-05	1.00008266512358
112841338	5	"APC"	0.5	0	0	1	4.13291453132749e-05	4.13325617921799e-05	1.00008266512358
179219212	3	"PIK3CA"	0.5	0	0	1	4.13291453132749e-05	4.13325617921799e-05	1.00008266512358
112843700	5	"APC"	0.5	0	0	1	4.13291453132749e-05	4.13325617921799e-05	1.00008266512358
112838279	5	"APC"	0.5	0	0	1	4.13291453132749e-05	4.13325617921799e-05	1.00008266512358
179198841	3	"PIK3CA"	0.5	0	0	1	2.06654267410622e-05	2.06662808960899e-05	1.00004133256179
179234492	3	"PIK3CA"	0.5	0	0	1	4.13291453132749e-05	4.13325617921799e-05	1.00008266512358
112839120	5	"APC"	0.5	0	0	1	4.13291453132749e-05	4.13325617921799e-05	1.00008266512358
112842894	5	"APC"	0.5	0	0	1	4.13291453132749e-05	4.13325617921799e-05	1.00008266512358
112843114	5	"APC"	0.5	0	0	1	4.13291453132749e-05	4.13325617921799e-05	1.00008266512358
112838334	5	"APC"	0.5	0	0	1	4.13291453132749e-05	4.13325617921799e-05	1.00008266512358
25209854	12	"KRAS"	0.5	0	0	1	4.13291453132749e-05	4.13325617921799e-05	1.00008266512358
179219980	3	"PIK3CA"	0.5	0	0	1	4.13291453132749e-05	4.13325617921799e-05	1.00008266512358
7674245	17	"TP53"	0.5	0	0	1	4.13291453132749e-05	4.13325617921799e-05	1.00008266512358
179234182	3	"PIK3CA"	0.5	0	0	1	2.06654267410622e-05	2.06662808960899e-05	1.00004133256179
112842630	5	"APC"	0.5	0	0	1	4.13291453132749e-05	4.13325617921799e-05	1.00008266512358
112838055	5	"APC"	0.5	0	0	1	4.13291453132749e-05	4.13325617921799e-05	1.00008266512358
179201527	3	"PIK3CA"	0.5	4.43813243387183e-05	4.43852640923214e-05	1.00008877052818	0	0	1
112834964	5	"APC"	0.5	4.43813243387183e-05	4.43852640923214e-05	1.00008877052818	0	0	1
112780813	5	"APC"	0.5	4.43813243387183e-05	4.43852640923214e-05	1.00008877052818	0	0	1
179198960	3	"PIK3CA"	0.5	4.43813243387183e-05	4.43852640923214e-05	1.00008877052818	0	0	1
112841146	5	"APC"	0.5	4.43813243387183e-05	4.43852640923214e-05	1.00008877052818	0	0	1
112841887	5	"APC"	0.5	0	0	1	2.06654267410622e-05	2.06662808960899e-05	1.00004133256179
112839912	5	"APC"	0.5	0	0	1	2.06654267410622e-05	2.06662808960899e-05	1.00004133256179
112766394	5	"APC"	0.5	0	0	1	2.06654267410622e-05	2.06662808960899e-05	1.00004133256179
7676219	17	"TP53"	0.5	0	0	1	2.06654267410622e-05	2.06662808960899e-05	1.00004133256179
112842935	5	"APC"	0.5	0	0	1	2.06654267410622e-05	2.06662808960899e-05	1.00004133256179
179221013	3	"PIK3CA"	0.5	0	0	1	2.06654267410622e-05	2.06662808960899e-05	1.00004133256179
179234154	3	"PIK3CA"	0.5	0	0	1	2.06654267410622e-05	2.06662808960899e-05	1.00004133256179
112837893	5	"APC"	0.5	0	0	1	2.06654267410622e-05	2.06662808960899e-05	1.00004133256179
112837824	5	"APC"	0.5	0	0	1	2.06654267410622e-05	2.06662808960899e-05	1.00004133256179
112842494	5	"APC"	0.5	0	0	1	2.06654267410622e-05	2.06662808960899e-05	1.00004133256179
112843610	5	"APC"	0.5	0	0	1	2.06654267410622e-05	2.06662808960899e-05	1.00004133256179
112839622	5	"APC"	0.5	0	0	1	2.06654267410622e-05	2.06662808960899e-05	1.00004133256179
25225697	12	"KRAS"	0.5	0	0	1	2.06654267410622e-05	2.06662808960899e-05	1.00004133256179
179203637	3	"PIK3CA"	0.5	0	0	1	2.06654267410622e-05	2.06662808960899e-05	1.00004133256179
112843219	5	"APC"	0.5	0	0	1	2.06654267410622e-05	2.06662808960899e-05	1.00004133256179
112842910	5	"APC"	0.5	0	0	1	2.06654267410622e-05	2.06662808960899e-05	1.00004133256179
179201405	3	"PIK3CA"	0.5	0	0	1	2.06654267410622e-05	2.06662808960899e-05	1.00004133256179
112838553	5	"APC"	0.5	0	0	1	2.06654267410622e-05	2.06662808960899e-05	1.00004133256179
179203727	3	"PIK3CA"	0.5	0	0	1	2.06654267410622e-05	2.06662808960899e-05	1.00004133256179
112843455	5	"APC"	0.5	0	0	1	2.06654267410622e-05	2.06662808960899e-05	1.00004133256179
179220045	3	"PIK3CA"	0.5	0	0	1	2.06654267410622e-05	2.06662808960899e-05	1.00004133256179
112838246	5	"APC"	0.5	0	0	1	2.06654267410622e-05	2.06662808960899e-05	1.00004133256179
112780843	5	"APC"	0.5	0	0	1	2.06654267410622e-05	2.06662808960899e-05	1.00004133256179
112843412	5	"APC"	0.5	0	0	1	2.06654267410622e-05	2.06662808960899e-05	1.00004133256179
112843357	5	"APC"	0.5	0	0	1	2.06654267410622e-05	2.06662808960899e-05	1.00004133256179
112840292	5	"APC"	0.5	0	0	1	2.06654267410622e-05	2.06662808960899e-05	1.00004133256179
112792481	5	"APC"	0.5	0	0	1	2.06654267410622e-05	2.06662808960899e-05	1.00004133256179
112839926	5	"APC"	0.5	0	0	1	2.06654267410622e-05	2.06662808960899e-05	1.00004133256179
112843885	5	"APC"	0.5	0	0	1	2.06654267410622e-05	2.06662808960899e-05	1.00004133256179
7676240	17	"TP53"	0.5	0	0	1	2.06654267410622e-05	2.06662808960899e-05	1.00004133256179
179234098	3	"PIK3CA"	0.5	0	0	1	2.06654267410622e-05	2.06662808960899e-05	1.00004133256179
179203628	3	"PIK3CA"	0.5	0	0	1	2.06654267410622e-05	2.06662808960899e-05	1.00004133256179
179234099	3	"PIK3CA"	0.5	0	0	1	2.06654267410622e-05	2.06662808960899e-05	1.00004133256179
112839563	5	"APC"	0.5	0	0	1	2.06654267410622e-05	2.06662808960899e-05	1.00004133256179
7669622	17	"TP53"	0.5	0	0	1	2.06654267410622e-05	2.06662808960899e-05	1.00004133256179
25227260	12	"KRAS"	0.7	0.149992011077972	0.3	2.00010652463382	0.13111179842827	0.248801355708027	1.89762751095313
179226004	3	"PIK3CA"	0.7	0	0	1.4	0.0677207987385116	0.109700752252625	1.61989749524676
179203714	3	"PIK3CA"	0.7	7.6077446840884e-05	0.000106524633821571	1.40021304926764	0	0	1.4
179224131	3	"PIK3CA"	0.7	5.70602556299452e-05	7.98934753661784e-05	1.40015978695073	0	0	1.4
112815561	5	"APC"	0.7	0.000171141705332015	0.000239680426098535	1.4004793608522	0	0	1.4
112838941	5	"APC"	0.7	5.70602556299452e-05	7.98934753661784e-05	1.40015978695073	0	0	1.4
112842849	5	"APC"	0.7	9.5093191327501e-05	0.000133155792276964	1.40026631158455	0	0	1.4
179219608	3	"PIK3CA"	0.7	0	0	1.4	0.0228868279600185	0.0335785731999669	1.46715714639993
179218255	3	"PIK3CA"	0.7	7.6077446840884e-05	0.000106524633821571	1.40021304926764	0	0	1.4
179210471	3	"PIK3CA"	0.7	0	0	1.4	0.00840333695204148	0.0119657766388361	1.42393155327767
112839803	5	"APC"	0.7	9.5093191327501e-05	0.000133155792276964	1.40026631158455	0	0	1.4
179199871	3	"PIK3CA"	0.7	1.90215323746481e-05	2.66311584553928e-05	1.40005326231691	0	0	1.4
179199779	3	"PIK3CA"	0.7	0	0	1.4	0.00145709088126034	0.0020459618087129	1.40414152269158
112842565	5	"APC"	0.7	0.000304170944070568	0.000426098535286285	1.40085219707057	0	0	1.4
179201385	3	"PIK3CA"	0.7	0	0	1.4	0.0045201078974623	0.00638588079689179	1.41277176159378
112827201	5	"APC"	0.7	0.000247167084949426	0.000346205059920107	1.40069241011984	0	0	1.4
112821902	5	"APC"	0.7	3.80416175295774e-05	5.32623169107856e-05	1.40010652463382	0	0	1.4
179230270	3	"PIK3CA"	0.7	0	0	1.4	0.000477819726285984	0.000669587501033314	1.40133917500207
112842155	5	"APC"	0.7	0.000266169816342827	0.000372836218375499	1.40074567243675	0	0	1.4
112838779	5	"APC"	0.7	3.80416175295774e-05	5.32623169107856e-05	1.40010652463382	0	0	1.4
112828968	5	"APC"	0.7	5.70602556299452e-05	7.98934753661784e-05	1.40015978695073	0	0	1.4
179203597	3	"PIK3CA"	0.7	0	0	1.4	0.00140430417758413	0.00197156319748698	1.40394312639497
179219676	3	"PIK3CA"	0.7	0	0	1.4	0.00112231131325152	0.00157477060428205	1.40314954120856
179210254	3	"PIK3CA"	0.7	7.6077446840884e-05	0.000106524633821571	1.40021304926764	0	0	1.4
179201477	3	"PIK3CA"	0.7	0	0	1.4	0.000990017325303193	0.00138877407621724	1.40277754815243
112843189	5	"APC"	0.7	3.80416175295774e-05	5.32623169107856e-05	1.40010652463382	0	0	1.4
179203554	3	"PIK3CA"	0.7	0	0	1.4	0.00158038788663586	0.00221955856824006	1.40443911713648
7669674	17	"TP53"	0.7	7.6077446840884e-05	0.000106524633821571	1.40021304926764	0	0	1.4
112821899	5	"APC"	0.7	5.70602556299452e-05	7.98934753661784e-05	1.40015978695073	0	0	1.4
179210564	3	"PIK3CA"	0.7	0	0	1.4	0.00023017540546283	0.000322393981979003	1.40064478796396
25245280	12	"KRAS"	0.7	0	0	1.4	0.000645724361204645	0.000905183103248739	1.4018103662065
112839745	5	"APC"	0.7	0.000171141705332015	0.000239680426098535	1.4004793608522	0	0	1.4
179224742	3	"PIK3CA"	0.7	0	0	1.4	0.000716387285452326	0.00100438125154997	1.4020087625031
112843529	5	"APC"	0.7	0	0	1.4	0.00028326271436496	0.000396792593204927	1.40079358518641
112839427	5	"APC"	0.7	0	0	1.4	7.08457805433871e-05	9.91981483012317e-05	1.4001983962966
112840607	5	"APC"	0.7	0	0	1.4	0.000292109502705701	0.000409192361742581	1.40081838472348
112837592	5	"APC"	0.7	1.90215323746481e-05	2.66311584553928e-05	1.40005326231691	0	0	1.4
179234195	3	"PIK3CA"	0.7	3.80416175295774e-05	5.32623169107856e-05	1.40010652463382	0	0	1.4
179221047	3	"PIK3CA"	0.7	0	0	1.4	0.000318647988387051	0.000446391667355543	1.40089278333471
112841182	5	"APC"	0.7	0	0	1.4	0.000141671487432558	0.000198396296602463	1.4003967925932
112840836	5	"APC"	0.7	0.000152131746092116	0.000213049267643143	1.40042609853529	0	0	1.4
112839289	5	"APC"	0.7	5.70602556299452e-05	7.98934753661784e-05	1.40015978695073	0	0	1.4
179199008	3	"PIK3CA"	0.7	0	0	1.4	0.000106261142661487	0.000148797222451848	1.4002975944449
112837901	5	"APC"	0.7	7.6077446840884e-05	0.000106524633821571	1.40021304926764	0	0	1.4
112838112	5	"APC"	0.7	9.5093191327501e-05	0.000133155792276964	1.40026631158455	0	0	1.4
112838269	5	"APC"	0.7	0	0	1.4	0.000132819371557765	0.000185996528064809	1.40037199305613
179225996	3	"PIK3CA"	0.7	5.70602556299452e-05	7.98934753661784e-05	1.40015978695073	0	0	1.4
112839346	5	"APC"	0.7	7.6077446840884e-05	0.000106524633821571	1.40021304926764	0	0	1.4
179199097	3	"PIK3CA"	0.7	5.70602556299452e-05	7.98934753661784e-05	1.40015978695073	0	0	1.4
179221132	3	"PIK3CA"	0.7	0	0	1.4	0.000221326424014212	0.000309994213441349	1.40061998842688
179198845	3	"PIK3CA"	0.7	0	0	1.4	0.000106261142661487	0.000148797222451848	1.4002975944449
179198916	3	"PIK3CA"	0.7	0.000152131746092116	0.000213049267643143	1.40042609853529	0	0	1.4
179204561	3	"PIK3CA"	0.7	0	0	1.4	1.77133275076167e-05	2.47995370753079e-05	1.40004959907415
112843012	5	"APC"	0.7	3.80416175295774e-05	5.32623169107856e-05	1.40010652463382	0	0	1.4
112837904	5	"APC"	0.7	0	0	1.4	0.000106261142661487	0.000148797222451848	1.4002975944449
112823726	5	"APC"	0.7	0.000133120340788072	0.00018641810918775	1.40037283621838	0	0	1.4
112841844	5	"APC"	0.7	0.000114107489254878	0.000159786950732357	1.40031957390146	0	0	1.4
112775649	5	"APC"	0.7	0.000133120340788072	0.00018641810918775	1.40037283621838	0	0	1.4
112841347	5	"APC"	0.7	0.000171141705332015	0.000239680426098535	1.4004793608522	0	0	1.4
112838243	5	"APC"	0.7	9.5093191327501e-05	0.000133155792276964	1.40026631158455	0	0	1.4
112840767	5	"APC"	0.7	7.6077446840884e-05	0.000106524633821571	1.40021304926764	0	0	1.4
179230242	3	"PIK3CA"	0.7	0	0	1.4	8.85540888374619e-05	0.00012399768537654	1.40024799537075
112835104	5	"APC"	0.7	0	0	1.4	6.19911559284209e-05	8.67983797635778e-05	1.40017359675953
112827211	5	"APC"	0.7	0	0	1.4	1.77133275076167e-05	2.47995370753079e-05	1.40004959907415
179210312	3	"PIK3CA"	0.7	0	0	1.4	5.31362176459475e-05	7.43986112259238e-05	1.40014879722245
112835157	5	"APC"	0.7	0	0	1.4	7.08457805433871e-05	9.91981483012317e-05	1.4001983962966
112843701	5	"APC"	0.7	5.70602556299452e-05	7.98934753661784e-05	1.40015978695073	0	0	1.4
112840807	5	"APC"	0.7	1.90215323746481e-05	2.66311584553928e-05	1.40005326231691	0	0	1.4
112843781	5	"APC"	0.7	7.6077446840884e-05	0.000106524633821571	1.40021304926764	0	0	1.4
112838562	5	"APC"	0.7	0.000171141705332015	0.000239680426098535	1.4004793608522	0	0	1.4
179201409	3	"PIK3CA"	0.7	1.90215323746481e-05	2.66311584553928e-05	1.40005326231691	0	0	1.4
179221086	3	"PIK3CA"	0.7	0	0	1.4	1.77133275076167e-05	2.47995370753079e-05	1.40004959907415
179229280	3	"PIK3CA"	0.7	0	0	1.4	6.19911559284209e-05	8.67983797635778e-05	1.40017359675953
7675104	17	"TP53"	0.7	0	0	1.4	3.54254000118085e-05	4.95990741506159e-05	1.4000991981483
112767211	5	"APC"	0.7	0	0	1.4	2.65695206268045e-05	3.71993056129619e-05	1.40007439861123
112841109	5	"APC"	0.7	0	0	1.4	7.08457805433871e-05	9.91981483012317e-05	1.4001983962966
179230007	3	"PIK3CA"	0.7	0	0	1.4	6.19911559284209e-05	8.67983797635778e-05	1.40017359675953
179234183	3	"PIK3CA"	0.7	0	0	1.4	2.65695206268045e-05	3.71993056129619e-05	1.40007439861123
179226008	3	"PIK3CA"	0.7	5.70602556299452e-05	7.98934753661784e-05	1.40015978695073	0	0	1.4
179201496	3	"PIK3CA"	0.7	3.80416175295774e-05	5.32623169107856e-05	1.40010652463382	0	0	1.4
112838160	5	"APC"	0.7	7.6077446840884e-05	0.000106524633821571	1.40021304926764	0	0	1.4
179224119	3	"PIK3CA"	0.7	0	0	1.4	5.31362176459475e-05	7.43986112259238e-05	1.40014879722245
179203740	3	"PIK3CA"	0.7	0	0	1.4	1.77133275076167e-05	2.47995370753079e-05	1.40004959907415
112838516	5	"APC"	0.7	0	0	1.4	1.77133275076167e-05	2.47995370753079e-05	1.40004959907415
112839778	5	"APC"	0.7	0	0	1.4	5.31362176459475e-05	7.43986112259238e-05	1.40014879722245
179210465	3	"PIK3CA"	0.7	0	0	1.4	1.77133275076167e-05	2.47995370753079e-05	1.40004959907415
179210512	3	"PIK3CA"	0.7	0	0	1.4	3.54254000118085e-05	4.95990741506159e-05	1.4000991981483
112843983	5	"APC"	0.7	0	0	1.4	1.77133275076167e-05	2.47995370753079e-05	1.40004959907415
112838301	5	"APC"	0.7	0	0	1.4	3.54254000118085e-05	4.95990741506159e-05	1.4000991981483
179203770	3	"PIK3CA"	0.7	3.80416175295774e-05	5.32623169107856e-05	1.40010652463382	0	0	1.4
112838833	5	"APC"	0.7	3.80416175295774e-05	5.32623169107856e-05	1.40010652463382	0	0	1.4
179209617	3	"PIK3CA"	0.7	1.90215323746481e-05	2.66311584553928e-05	1.40005326231691	0	0	1.4
112843839	5	"APC"	0.7	3.80416175295774e-05	5.32623169107856e-05	1.40010652463382	0	0	1.4
179203561	3	"PIK3CA"	0.7	0	0	1.4	3.54254000118085e-05	4.95990741506159e-05	1.4000991981483
112840583	5	"APC"	0.7	0	0	1.4	3.54254000118085e-05	4.95990741506159e-05	1.4000991981483
179218215	3	"PIK3CA"	0.7	0	0	1.4	8.856820637573e-06	1.2399768537654e-05	1.40002479953708
7676197	17	"TP53"	0.7	0	0	1.4	3.54254000118085e-05	4.95990741506159e-05	1.4000991981483
7669618	17	"TP53"	0.7	0	0	1.4	1.77133275076167e-05	2.47995370753079e-05	1.40004959907415
25227250	12	"KRAS"	0.7	0	0	1.4	3.54254000118085e-05	4.95990741506159e-05	1.4000991981483
112766390	5	"APC"	0.7	0	0	1.4	1.77133275076167e-05	2.47995370753079e-05	1.40004959907415
112839575	5	"APC"	0.7	0	0	1.4	1.77133275076167e-05	2.47995370753079e-05	1.40004959907415
112837679	5	"APC"	0.7	3.80416175295774e-05	5.32623169107856e-05	1.40010652463382	0	0	1.4
179199012	3	"PIK3CA"	0.7	0	0	1.4	1.77133275076167e-05	2.47995370753079e-05	1.40004959907415
112843780	5	"APC"	0.7	3.80416175295774e-05	5.32623169107856e-05	1.40010652463382	0	0	1.4
112838015	5	"APC"	0.7	1.90215323746481e-05	2.66311584553928e-05	1.40005326231691	0	0	1.4
179230080	3	"PIK3CA"	0.7	0	0	1.4	1.77133275076167e-05	2.47995370753079e-05	1.40004959907415
112841852	5	"APC"	0.7	0	0	1.4	1.77133275076167e-05	2.47995370753079e-05	1.40004959907415
179224799	3	"PIK3CA"	0.7	0	0	1.4	1.77133275076167e-05	2.47995370753079e-05	1.40004959907415
112838633	5	"APC"	0.7	0	0	1.4	1.7713013751203e-05	2.47995370753079e-05	1.40007439861123
112843686	5	"APC"	0.7	0	0	1.4	1.77133275076167e-05	2.47995370753079e-05	1.40004959907415
112842695	5	"APC"	0.7	0	0	1.4	1.77133275076167e-05	2.47995370753079e-05	1.40004959907415
112841338	5	"APC"	0.7	0	0	1.4	1.77133275076167e-05	2.47995370753079e-05	1.40004959907415
179219212	3	"PIK3CA"	0.7	0	0	1.4	1.77133275076167e-05	2.47995370753079e-05	1.40004959907415
112843700	5	"APC"	0.7	0	0	1.4	1.77133275076167e-05	2.47995370753079e-05	1.40004959907415
112838279	5	"APC"	0.7	0	0	1.4	1.77133275076167e-05	2.47995370753079e-05	1.40004959907415
179198841	3	"PIK3CA"	0.7	0	0	1.4	8.856820637573e-06	1.2399768537654e-05	1.40002479953708
179234492	3	"PIK3CA"	0.7	0	0	1.4	1.77133275076167e-05	2.47995370753079e-05	1.40004959907415
112839120	5	"APC"	0.7	0	0	1.4	1.77133275076167e-05	2.47995370753079e-05	1.40004959907415
112842894	5	"APC"	0.7	0	0	1.4	1.77133275076167e-05	2.47995370753079e-05	1.40004959907415
112843114	5	"APC"	0.7	0	0	1.4	1.77133275076167e-05	2.47995370753079e-05	1.40004959907415
112838334	5	"APC"	0.7	0	0	1.4	1.77133275076167e-05	2.47995370753079e-05	1.40004959907415
25209854	12	"KRAS"	0.7	0	0	1.4	1.77133275076167e-05	2.47995370753079e-05	1.40004959907415
179219980	3	"PIK3CA"	0.7	0	0	1.4	1.77133275076167e-05	2.47995370753079e-05	1.40004959907415
7674245	17	"TP53"	0.7	0	0	1.4	1.77133275076167e-05	2.47995370753079e-05	1.40004959907415
179234182	3	"PIK3CA"	0.7	0	0	1.4	8.856820637573e-06	1.2399768537654e-05	1.40002479953708
112842630	5	"APC"	0.7	0	0	1.4	1.77133275076167e-05	2.47995370753079e-05	1.40004959907415
112838055	5	"APC"	0.7	0	0	1.4	1.77133275076167e-05	2.47995370753079e-05	1.40004959907415
179201527	3	"PIK3CA"	0.7	1.90215323746481e-05	2.66311584553928e-05	1.40005326231691	0	0	1.4
112834964	5	"APC"	0.7	1.90215323746481e-05	2.66311584553928e-05	1.40005326231691	0	0	1.4
112780813	5	"APC"	0.7	1.90215323746481e-05	2.66311584553928e-05	1.40005326231691	0	0	1.4
179198960	3	"PIK3CA"	0.7	1.90215323746481e-05	2.66311584553928e-05	1.40005326231691	0	0	1.4
112841146	5	"APC"	0.7	1.90215323746481e-05	2.66311584553928e-05	1.40005326231691	0	0	1.4
112841887	5	"APC"	0.7	0	0	1.4	8.856820637573e-06	1.2399768537654e-05	1.40002479953708
112839912	5	"APC"	0.7	0	0	1.4	8.856820637573e-06	1.2399768537654e-05	1.40002479953708
112766394	5	"APC"	0.7	0	0	1.4	8.856820637573e-06	1.2399768537654e-05	1.40002479953708
7676219	17	"TP53"	0.7	0	0	1.4	8.856820637573e-06	1.2399768537654e-05	1.40002479953708
112842935	5	"APC"	0.7	0	0	1.4	8.856820637573e-06	1.2399768537654e-05	1.40002479953708
179221013	3	"PIK3CA"	0.7	0	0	1.4	8.856820637573e-06	1.2399768537654e-05	1.40002479953708
179234154	3	"PIK3CA"	0.7	0	0	1.4	8.856820637573e-06	1.2399768537654e-05	1.40002479953708
112837893	5	"APC"	0.7	0	0	1.4	8.856820637573e-06	1.2399768537654e-05	1.40002479953708
112837824	5	"APC"	0.7	0	0	1.4	8.856820637573e-06	1.2399768537654e-05	1.40002479953708
112842494	5	"APC"	0.7	0	0	1.4	8.856820637573e-06	1.2399768537654e-05	1.40002479953708
112843610	5	"APC"	0.7	0	0	1.4	8.856820637573e-06	1.2399768537654e-05	1.40002479953708
112839622	5	"APC"	0.7	0	0	1.4	8.856820637573e-06	1.2399768537654e-05	1.40002479953708
25225697	12	"KRAS"	0.7	0	0	1.4	8.856820637573e-06	1.2399768537654e-05	1.40002479953708
179203637	3	"PIK3CA"	0.7	0	0	1.4	8.856820637573e-06	1.2399768537654e-05	1.40002479953708
112843219	5	"APC"	0.7	0	0	1.4	8.856820637573e-06	1.2399768537654e-05	1.40002479953708
112842910	5	"APC"	0.7	0	0	1.4	8.856820637573e-06	1.2399768537654e-05	1.40002479953708
179201405	3	"PIK3CA"	0.7	0	0	1.4	8.856820637573e-06	1.2399768537654e-05	1.40002479953708
112838553	5	"APC"	0.7	0	0	1.4	8.856820637573e-06	1.2399768537654e-05	1.40002479953708
179203727	3	"PIK3CA"	0.7	0	0	1.4	8.856820637573e-06	1.2399768537654e-05	1.40002479953708
112843455	5	"APC"	0.7	0	0	1.4	8.856820637573e-06	1.2399768537654e-05	1.40002479953708
179220045	3	"PIK3CA"	0.7	0	0	1.4	8.856820637573e-06	1.2399768537654e-05	1.40002479953708
112838246	5	"APC"	0.7	0	0	1.4	8.856820637573e-06	1.2399768537654e-05	1.40002479953708
112780843	5	"APC"	0.7	0	0	1.4	8.856820637573e-06	1.2399768537654e-05	1.40002479953708
112843412	5	"APC"	0.7	0	0	1.4	8.856820637573e-06	1.2399768537654e-05	1.40002479953708
112843357	5	"APC"	0.7	0	0	1.4	8.856820637573e-06	1.2399768537654e-05	1.40002479953708
112840292	5	"APC"	0.7	0	0	1.4	8.856820637573e-06	1.2399768537654e-05	1.40002479953708
112792481	5	"APC"	0.7	0	0	1.4	8.856820637573e-06	1.2399768537654e-05	1.40002479953708
112839926	5	"APC"	0.7	0	0	1.4	8.856820637573e-06	1.2399768537654e-05	1.40002479953708
112843885	5	"APC"	0.7	0	0	1.4	8.856820637573e-06	1.2399768537654e-05	1.40002479953708
7676240	17	"TP53"	0.7	0	0	1.4	8.856820637573e-06	1.2399768537654e-05	1.40002479953708
179234098	3	"PIK3CA"	0.7	0	0	1.4	8.856820637573e-06	1.2399768537654e-05	1.40002479953708
179203628	3	"PIK3CA"	0.7	0	0	1.4	8.856820637573e-06	1.2399768537654e-05	1.40002479953708
179234099	3	"PIK3CA"	0.7	0	0	1.4	8.856820637573e-06	1.2399768537654e-05	1.40002479953708
112839563	5	"APC"	0.7	0	0	1.4	8.856820637573e-06	1.2399768537654e-05	1.40002479953708
7669622	17	"TP53"	0.7	0	0	1.4	8.856820637573e-06	1.2399768537654e-05	1.40002479953708
25227260	12	"KRAS"	0.9	0.0499991123104783	0.1	2.00003550821127	0.04218668528081	0.0829337852360089	1.96587583698438
179226004	3	"PIK3CA"	0.9	0	0	1.8	0.0195200628384073	0.0365669174175415	1.87329916508225
179203714	3	"PIK3CA"	0.9	1.97260057797197e-05	3.55082112738571e-05	1.80007101642255	0	0	1.8
179224131	3	"PIK3CA"	0.9	1.4794650254468e-05	2.66311584553928e-05	1.80005326231691	0	0	1.8
112815561	5	"APC"	0.9	4.43813243387183e-05	7.98934753661784e-05	1.80015978695073	0	0	1.8
112838941	5	"APC"	0.9	1.4794650254468e-05	2.66311584553928e-05	1.80005326231691	0	0	1.8
112842849	5	"APC"	0.9	2.46572640299832e-05	4.43852640923213e-05	1.80008877052818	0	0	1.8
179219608	3	"PIK3CA"	0.9	0	0	1.8	0.00614187086648462	0.0111928577333223	1.82238571546664
179218255	3	"PIK3CA"	0.9	1.97260057797197e-05	3.55082112738571e-05	1.80007101642255	0	0	1.8
179210471	3	"PIK3CA"	0.9	0	0	1.8	0.00220610760318411	0.00398859221294536	1.80797718442589
112839803	5	"APC"	0.9	2.46572640299832e-05	4.43852640923213e-05	1.80008877052818	0	0	1.8
179199871	3	"PIK3CA"	0.9	4.93164736748663e-06	8.87705281846427e-06	1.80001775410564	0	0	1.8
179199779	3	"PIK3CA"	0.9	0	0	1.8	0.000378591456223355	0.000681987269570968	1.80138050756386
112842565	5	"APC"	0.9	7.88946854567509e-05	0.000142032845095428	1.80028406569019	0	0	1.8
179201385	3	"PIK3CA"	0.9	0	0	1.8	0.00117978017144611	0.00212862693229726	1.80425725386459
112827201	5	"APC"	0.9	6.41038284778792e-05	0.000115401686640035	1.80023080337328	0	0	1.8
112821902	5	"APC"	0.9	9.86319745134978e-06	1.77541056369285e-05	1.80003550821127	0	0	1.8
179230270	3	"PIK3CA"	0.9	0	0	1.8	0.00012396694214876	0.000223195833677771	1.80044639166736
112842155	5	"APC"	0.9	6.90342113827552e-05	0.0001242787394585	1.80024855747892	0	0	1.8
112838779	5	"APC"	0.9	9.86319745134978e-06	1.77541056369285e-05	1.80003550821127	0	0	1.8
112828968	5	"APC"	0.9	1.4794650254468e-05	2.66311584553928e-05	1.80005326231691	0	0	1.8
179203597	3	"PIK3CA"	0.9	0	0	1.8	0.000364837888070489	0.00065718773249566	1.80131437546499
179219676	3	"PIK3CA"	0.9	0	0	1.8	0.000291454195792962	0.000524923534760684	1.80104984706952
179210254	3	"PIK3CA"	0.9	1.97260057797197e-05	3.55082112738571e-05	1.80007101642255	0	0	1.8
179201477	3	"PIK3CA"	0.9	0	0	1.8	0.00025704816899081	0.000462924692072415	1.80092584938414
112843189	5	"APC"	0.9	9.86319745134978e-06	1.77541056369285e-05	1.80003550821127	0	0	1.8
179203554	3	"PIK3CA"	0.9	0	0	1.8	0.000410691751749455	0.00073985285608002	1.80147970571216
7669674	17	"TP53"	0.9	1.97260057797197e-05	3.55082112738571e-05	1.80007101642255	0	0	1.8
112821899	5	"APC"	0.9	1.4794650254468e-05	2.66311584553928e-05	1.80005326231691	0	0	1.8
179210564	3	"PIK3CA"	0.9	0	0	1.8	5.96954613081571e-05	0.000107464660659668	1.80021492932132
25245280	12	"KRAS"	0.9	0	0	1.8	0.000167570322148206	0.000301727701082913	1.80060345540217
112839745	5	"APC"	0.9	4.43813243387183e-05	7.98934753661784e-05	1.80015978695073	0	0	1.8
179224742	3	"PIK3CA"	0.9	0	0	1.8	0.000185927364376317	0.000334793750516657	1.80066958750103
112843529	5	"APC"	0.9	0	0	1.8	7.34693127864155e-05	0.000132264197734976	1.80026452839547
112839427	5	"APC"	0.9	0	0	1.8	1.83693525721686e-05	3.30660494337439e-05	1.80006613209887
112840607	5	"APC"	0.9	0	0	1.8	7.57648809113826e-05	0.000136397453914194	1.80027279490783
112837592	5	"APC"	0.9	4.93164736748663e-06	8.87705281846427e-06	1.80001775410564	0	0	1.8
179234195	3	"PIK3CA"	0.9	9.86319745134978e-06	1.77541056369285e-05	1.80003550821127	0	0	1.8
179221047	3	"PIK3CA"	0.9	0	0	1.8	8.26514587982478e-05	0.000148797222451848	1.8002975944449
112841182	5	"APC"	0.9	0	0	1.8	3.67373554614671e-05	6.61320988674878e-05	1.80013226419774
112840836	5	"APC"	0.9	3.94504551596264e-05	7.10164225477141e-05	1.8001420328451	0	0	1.8
112839289	5	"APC"	0.9	1.4794650254468e-05	2.66311584553928e-05	1.80005326231691	0	0	1.8
179199008	3	"PIK3CA"	0.9	0	0	1.8	2.75535227178795e-05	4.95990741506158e-05	1.8000991981483
112837901	5	"APC"	0.9	1.97260057797197e-05	3.55082112738571e-05	1.80007101642255	0	0	1.8
112838112	5	"APC"	0.9	2.46572640299832e-05	4.43852640923213e-05	1.80008877052818	0	0	1.8
112838269	5	"APC"	0.9	0	0	1.8	3.44414289060024e-05	6.19988426882698e-05	1.80012399768538
179225996	3	"PIK3CA"	0.9	1.4794650254468e-05	2.66311584553928e-05	1.80005326231691	0	0	1.8
112839346	5	"APC"	0.9	1.97260057797197e-05	3.55082112738571e-05	1.80007101642255	0	0	1.8
179199097	3	"PIK3CA"	0.9	1.4794650254468e-05	2.66311584553928e-05	1.80005326231691	0	0	1.8
179221132	3	"PIK3CA"	0.9	0	0	1.8	5.73997456043275e-05	0.00010333140448045	1.80020666280896
179198845	3	"PIK3CA"	0.9	0	0	1.8	2.75535227178795e-05	4.95990741506158e-05	1.8000991981483
179198916	3	"PIK3CA"	0.9	3.94504551596264e-05	7.10164225477141e-05	1.8001420328451	0	0	1.8
179204561	3	"PIK3CA"	0.9	0	0	1.8	4.59246468394658e-06	8.26651235843597e-06	1.80001653302472
112843012	5	"APC"	0.9	9.86319745134978e-06	1.77541056369285e-05	1.80003550821127	0	0	1.8
112837904	5	"APC"	0.9	0	0	1.8	2.75535227178795e-05	4.95990741506158e-05	1.8000991981483
112823726	5	"APC"	0.9	3.45194887170585e-05	6.21393697292499e-05	1.80012427873946	0	0	1.8
112841844	5	"APC"	0.9	2.95884250081368e-05	5.32623169107856e-05	1.80010652463382	0	0	1.8
112775649	5	"APC"	0.9	3.45194887170585e-05	6.21393697292499e-05	1.80012427873946	0	0	1.8
112841347	5	"APC"	0.9	4.43813243387183e-05	7.98934753661784e-05	1.80015978695073	0	0	1.8
112838243	5	"APC"	0.9	2.46572640299832e-05	4.43852640923213e-05	1.80008877052818	0	0	1.8
112840767	5	"APC"	0.9	1.97260057797197e-05	3.55082112738571e-05	1.80007101642255	0	0	1.8
179230242	3	"PIK3CA"	0.9	0	0	1.8	2.29614798214515e-05	4.13325617921799e-05	1.80008266512358
112835104	5	"APC"	0.9	0	0	1.8	1.60732573144802e-05	2.89327932545259e-05	1.80005786558651
112827211	5	"APC"	0.9	0	0	1.8	4.59246468394658e-06	8.26651235843597e-06	1.80001653302472
179210312	3	"PIK3CA"	0.9	0	0	1.8	1.37771409677064e-05	2.47995370753079e-05	1.80004959907415
112835157	5	"APC"	0.9	0	0	1.8	1.83693525721686e-05	3.30660494337439e-05	1.80006613209887
112843701	5	"APC"	0.9	1.4794650254468e-05	2.66311584553928e-05	1.80005326231691	0	0	1.8
112840807	5	"APC"	0.9	4.93164736748663e-06	8.87705281846427e-06	1.80001775410564	0	0	1.8
112843781	5	"APC"	0.9	1.97260057797197e-05	3.55082112738571e-05	1.80007101642255	0	0	1.8
112838562	5	"APC"	0.9	4.43813243387183e-05	7.98934753661784e-05	1.80015978695073	0	0	1.8
179201409	3	"PIK3CA"	0.9	4.93164736748663e-06	8.87705281846427e-06	1.80001775410564	0	0	1.8
179221086	3	"PIK3CA"	0.9	0	0	1.8	4.59246468394658e-06	8.26651235843597e-06	1.80001653302472
179229280	3	"PIK3CA"	0.9	0	0	1.8	1.60732573144802e-05	2.89327932545259e-05	1.80005786558651
7675104	17	"TP53"	0.9	0	0	1.8	9.18484500574053e-06	1.65330247168719e-05	1.80003306604943
112767211	5	"APC"	0.9	0	0	1.8	6.88866538996735e-06	1.2399768537654e-05	1.80002479953708
112841109	5	"APC"	0.9	0	0	1.8	1.83693525721686e-05	3.30660494337439e-05	1.80006613209887
179230007	3	"PIK3CA"	0.9	0	0	1.8	1.60732573144802e-05	2.89327932545259e-05	1.80005786558651
179234183	3	"PIK3CA"	0.9	0	0	1.8	6.88866538996735e-06	1.2399768537654e-05	1.80002479953708
179226008	3	"PIK3CA"	0.9	1.4794650254468e-05	2.66311584553928e-05	1.80005326231691	0	0	1.8
179201496	3	"PIK3CA"	0.9	9.86319745134978e-06	1.77541056369285e-05	1.80003550821127	0	0	1.8
112838160	5	"APC"	0.9	1.97260057797197e-05	3.55082112738571e-05	1.80007101642255	0	0	1.8
179224119	3	"PIK3CA"	0.9	0	0	1.8	1.37771409677064e-05	2.47995370753079e-05	1.80004959907415
179203740	3	"PIK3CA"	0.9	0	0	1.8	4.59246468394658e-06	8.26651235843597e-06	1.80001653302472
112838516	5	"APC"	0.9	0	0	1.8	4.59246468394658e-06	8.26651235843597e-06	1.80001653302472
112839778	5	"APC"	0.9	0	0	1.8	1.37771409677064e-05	2.47995370753079e-05	1.80004959907415
179210465	3	"PIK3CA"	0.9	0	0	1.8	4.59246468394658e-06	8.26651235843597e-06	1.80001653302472
179210512	3	"PIK3CA"	0.9	0	0	1.8	9.18484500574053e-06	1.65330247168719e-05	1.80003306604943
112843983	5	"APC"	0.9	0	0	1.8	4.59246468394658e-06	8.26651235843597e-06	1.80001653302472
112838301	5	"APC"	0.9	0	0	1.8	9.18484500574053e-06	1.65330247168719e-05	1.80003306604943
179203770	3	"PIK3CA"	0.9	9.86319745134978e-06	1.77541056369285e-05	1.80003550821127	0	0	1.8
112838833	5	"APC"	0.9	9.86319745134978e-06	1.77541056369285e-05	1.80003550821127	0	0	1.8
179209617	3	"PIK3CA"	0.9	4.93164736748663e-06	8.87705281846427e-06	1.80001775410564	0	0	1.8
112843839	5	"APC"	0.9	9.86319745134978e-06	1.77541056369285e-05	1.80003550821127	0	0	1.8
179203561	3	"PIK3CA"	0.9	0	0	1.8	9.18484500574053e-06	1.65330247168719e-05	1.80003306604943
112840583	5	"APC"	0.9	0	0	1.8	9.18484500574053e-06	1.65330247168719e-05	1.80003306604943
179218215	3	"PIK3CA"	0.9	0	0	1.8	2.29624288738766e-06	4.13325617921799e-06	1.80000826651236
7676197	17	"TP53"	0.9	0	0	1.8	9.18484500574053e-06	1.65330247168719e-05	1.80003306604943
7669618	17	"TP53"	0.9	0	0	1.8	4.59246468394658e-06	8.26651235843597e-06	1.80001653302472
25227250	12	"KRAS"	0.9	0	0	1.8	9.18484500574053e-06	1.65330247168719e-05	1.80003306604943
112766390	5	"APC"	0.9	0	0	1.8	4.59246468394658e-06	8.26651235843597e-06	1.80001653302472
112839575	5	"APC"	0.9	0	0	1.8	4.59246468394658e-06	8.26651235843597e-06	1.80001653302472
112837679	5	"APC"	0.9	9.86319745134978e-06	1.77541056369285e-05	1.80003550821127	0	0	1.8
179199012	3	"PIK3CA"	0.9	0	0	1.8	4.59246468394658e-06	8.26651235843597e-06	1.80001653302472
112843780	5	"APC"	0.9	9.86319745134978e-06	1.77541056369285e-05	1.80003550821127	0	0	1.8
112838015	5	"APC"	0.9	4.93164736748663e-06	8.87705281846427e-06	1.80001775410564	0	0	1.8
179230080	3	"PIK3CA"	0.9	0	0	1.8	4.59246468394658e-06	8.26651235843597e-06	1.80001653302472
112841852	5	"APC"	0.9	0	0	1.8	4.59246468394658e-06	8.26651235843597e-06	1.80001653302472
179224799	3	"PIK3CA"	0.9	0	0	1.8	4.59246468394658e-06	8.26651235843597e-06	1.80001653302472
112838633	5	"APC"	0.9	0	0	1.8	4.59244359331156e-06	8.26651235843597e-06	1.80002479953708
112843686	5	"APC"	0.9	0	0	1.8	4.59246468394658e-06	8.26651235843597e-06	1.80001653302472
112842695	5	"APC"	0.9	0	0	1.8	4.59246468394658e-06	8.26651235843597e-06	1.80001653302472
112841338	5	"APC"	0.9	0	0	1.8	4.59246468394658e-06	8.26651235843597e-06	1.80001653302472
179219212	3	"PIK3CA"	0.9	0	0	1.8	4.59246468394658e-06	8.26651235843597e-06	1.80001653302472
112843700	5	"APC"	0.9	0	0	1.8	4.59246468394658e-06	8.26651235843597e-06	1.80001653302472
112838279	5	"APC"	0.9	0	0	1.8	4.59246468394658e-06	8.26651235843597e-06	1.80001653302472
179198841	3	"PIK3CA"	0.9	0	0	1.8	2.29624288738766e-06	4.13325617921799e-06	1.80000826651236
179234492	3	"PIK3CA"	0.9	0	0	1.8	4.59246468394658e-06	8.26651235843597e-06	1.80001653302472
112839120	5	"APC"	0.9	0	0	1.8	4.59246468394658e-06	8.26651235843597e-06	1.80001653302472
112842894	5	"APC"	0.9	0	0	1.8	4.59246468394658e-06	8.26651235843597e-06	1.80001653302472
112843114	5	"APC"	0.9	0	0	1.8	4.59246468394658e-06	8.26651235843597e-06	1.80001653302472
112838334	5	"APC"	0.9	0	0	1.8	4.59246468394658e-06	8.26651235843597e-06	1.80001653302472
25209854	12	"KRAS"	0.9	0	0	1.8	4.59246468394658e-06	8.26651235843597e-06	1.80001653302472
179219980	3	"PIK3CA"	0.9	0	0	1.8	4.59246468394658e-06	8.26651235843597e-06	1.80001653302472
7674245	17	"TP53"	0.9	0	0	1.8	4.59246468394658e-06	8.26651235843597e-06	1.80001653302472
179234182	3	"PIK3CA"	0.9	0	0	1.8	2.29624288738766e-06	4.13325617921799e-06	1.80000826651236
112842630	5	"APC"	0.9	0	0	1.8	4.59246468394658e-06	8.26651235843597e-06	1.80001653302472
112838055	5	"APC"	0.9	0	0	1.8	4.59246468394658e-06	8.26651235843597e-06	1.80001653302472
179201527	3	"PIK3CA"	0.9	4.93164736748663e-06	8.87705281846427e-06	1.80001775410564	0	0	1.8
112834964	5	"APC"	0.9	4.93164736748663e-06	8.87705281846427e-06	1.80001775410564	0	0	1.8
112780813	5	"APC"	0.9	4.93164736748663e-06	8.87705281846427e-06	1.80001775410564	0	0	1.8
179198960	3	"PIK3CA"	0.9	4.93164736748663e-06	8.87705281846427e-06	1.80001775410564	0	0	1.8
112841146	5	"APC"	0.9	4.93164736748663e-06	8.87705281846427e-06	1.80001775410564	0	0	1.8
112841887	5	"APC"	0.9	0	0	1.8	2.29624288738766e-06	4.13325617921799e-06	1.80000826651236
112839912	5	"APC"	0.9	0	0	1.8	2.29624288738766e-06	4.13325617921799e-06	1.80000826651236
112766394	5	"APC"	0.9	0	0	1.8	2.29624288738766e-06	4.13325617921799e-06	1.80000826651236
7676219	17	"TP53"	0.9	0	0	1.8	2.29624288738766e-06	4.13325617921799e-06	1.80000826651236
112842935	5	"APC"	0.9	0	0	1.8	2.29624288738766e-06	4.13325617921799e-06	1.80000826651236
179221013	3	"PIK3CA"	0.9	0	0	1.8	2.29624288738766e-06	4.13325617921799e-06	1.80000826651236
179234154	3	"PIK3CA"	0.9	0	0	1.8	2.29624288738766e-06	4.13325617921799e-06	1.80000826651236
112837893	5	"APC"	0.9	0	0	1.8	2.29624288738766e-06	4.13325617921799e-06	1.80000826651236
112837824	5	"APC"	0.9	0	0	1.8	2.29624288738766e-06	4.13325617921799e-06	1.80000826651236
112842494	5	"APC"	0.9	0	0	1.8	2.29624288738766e-06	4.13325617921799e-06	1.80000826651236
112843610	5	"APC"	0.9	0	0	1.8	2.29624288738766e-06	4.13325617921799e-06	1.80000826651236
112839622	5	"APC"	0.9	0	0	1.8	2.29624288738766e-06	4.13325617921799e-06	1.80000826651236
25225697	12	"KRAS"	0.9	0	0	1.8	2.29624288738766e-06	4.13325617921799e-06	1.80000826651236
179203637	3	"PIK3CA"	0.9	0	0	1.8	2.29624288738766e-06	4.13325617921799e-06	1.80000826651236
112843219	5	"APC"	0.9	0	0	1.8	2.29624288738766e-06	4.13325617921799e-06	1.80000826651236
112842910	5	"APC"	0.9	0	0	1.8	2.29624288738766e-06	4.13325617921799e-06	1.80000826651236
179201405	3	"PIK3CA"	0.9	0	0	1.8	2.29624288738766e-06	4.13325617921799e-06	1.80000826651236
112838553	5	"APC"	0.9	0	0	1.8	2.29624288738766e-06	4.13325617921799e-06	1.80000826651236
179203727	3	"PIK3CA"	0.9	0	0	1.8	2.29624288738766e-06	4.13325617921799e-06	1.80000826651236
112843455	5	"APC"	0.9	0	0	1.8	2.29624288738766e-06	4.13325617921799e-06	1.80000826651236
179220045	3	"PIK3CA"	0.9	0	0	1.8	2.29624288738766e-06	4.13325617921799e-06	1.80000826651236
112838246	5	"APC"	0.9	0	0	1.8	2.29624288738766e-06	4.13325617921799e-06	1.80000826651236
112780843	5	"APC"	0.9	0	0	1.8	2.29624288738766e-06	4.13325617921799e-06	1.80000826651236
112843412	5	"APC"	0.9	0	0	1.8	2.29624288738766e-06	4.13325617921799e-06	1.80000826651236
112843357	5	"APC"	0.9	0	0	1.8	2.29624288738766e-06	4.13325617921799e-06	1.80000826651236
112840292	5	"APC"	0.9	0	0	1.8	2.29624288738766e-06	4.13325617921799e-06	1.80000826651236
112792481	5	"APC"	0.9	0	0	1.8	2.29624288738766e-06	4.13325617921799e-06	1.80000826651236
112839926	5	"APC"	0.9	0	0	1.8	2.29624288738766e-06	4.13325617921799e-06	1.80000826651236
112843885	5	"APC"	0.9	0	0	1.8	2.29624288738766e-06	4.13325617921799e-06	1.80000826651236
7676240	17	"TP53"	0.9	0	0	1.8	2.29624288738766e-06	4.13325617921799e-06	1.80000826651236
179234098	3	"PIK3CA"	0.9	0	0	1.8	2.29624288738766e-06	4.13325617921799e-06	1.80000826651236
179203628	3	"PIK3CA"	0.9	0	0	1.8	2.29624288738766e-06	4.13325617921799e-06	1.80000826651236
179234099	3	"PIK3CA"	0.9	0	0	1.8	2.29624288738766e-06	4.13325617921799e-06	1.80000826651236
112839563	5	"APC"	0.9	0	0	1.8	2.29624288738766e-06	4.13325617921799e-06	1.80000826651236
7669622	17	"TP53"	0.9	0	0	1.8	2.29624288738766e-06	4.13325617921799e-06	1.80000826651236
