"PointMut_ID"	"Parental_1or2"	"Chr"	"Ref_pos"	"Phys_pos"	"Delta"	"Copy_number"	"Gene_name"	"MalfunctionedByPointMut"	"mut_order"	"N_speckled_normal"	"N_primary"	"N_metastatic"	"Copy_number_A"	"N_speckled_normal_total"	"N_primary_total"	"N_metastatic_total"
1	2	12	25227260	"[25227260]"	"[0]"	1	"KRAS"	TRUE	1	0	11261	20063	1	0	11265	24194
7	1	3	179226004	"[179226004]"	"[0]"	1	"PIK3CA"	TRUE	8	0	0	8807	1	0	11265	24194
13	1	3	179203714	"[179203714]"	"[0]"	1	"PIK3CA"	FALSE	15	0	4	0	1	0	11265	24194
23	1	3	179224131	"[179224131]"	"[0]"	1	"PIK3CA"	FALSE	26	0	3	0	1	0	11265	24194
25	2	5	112815561	"[112815561]"	"[0]"	1	"APC"	FALSE	27	0	9	0	1	0	11265	24194
27	1	5	112838941	"[112838941]"	"[0]"	1	"APC"	FALSE	28	0	3	0	1	0	11265	24194
29	2	5	112842849	"[112842849]"	"[0]"	1	"APC"	FALSE	31	0	5	0	1	0	11265	24194
35	2	3	179219608	"[179219608]"	"[0]"	1	"PIK3CA"	TRUE	35	0	0	2708	1	0	11265	24194
77	1	3	179218255	"[179218255]"	"[0]"	1	"PIK3CA"	FALSE	81	0	4	0	1	0	11265	24194
99	1	3	179210471	"[179210471]"	"[0]"	1	"PIK3CA"	TRUE	101	0	0	965	1	0	11265	24194
109	1	5	112839803	"[112839803]"	"[0]"	1	"APC"	TRUE	112	0	5	0	1	0	11265	24194
121	1	3	179199871	"[179199871]"	"[0]"	1	"PIK3CA"	FALSE	123	0	1	0	1	0	11265	24194
127	1	3	179199779	"[179199779]"	"[0]"	1	"PIK3CA"	FALSE	133	0	0	161	1	0	11265	24194
137	2	5	112842565	"[112842565]"	"[0]"	1	"APC"	FALSE	143	0	16	0	1	0	11265	24194
145	1	3	179201385	"[179201385]"	"[0]"	1	"PIK3CA"	TRUE	152	0	0	515	1	0	11265	24194
155	1	5	112827201	"[112827201]"	"[0]"	1	"APC"	FALSE	166	0	13	0	1	0	11265	24194
163	1	5	112821902	"[112821902]"	"[0]"	1	"APC"	FALSE	181	0	2	0	1	0	11265	24194
167	2	12	25227260	"[25227260]"	"[0]"	1	"KRAS"	TRUE	1	0	3	0	2	0	11265	24194
169	1	3	179230270	"[179230270]"	"[0]"	1	"PIK3CA"	TRUE	184	0	0	54	1	0	11265	24194
179	1	5	112842155	"[112842155]"	"[0]"	1	"APC"	TRUE	196	0	14	0	1	0	11265	24194
181	1	5	112838779	"[112838779]"	"[0]"	1	"APC"	TRUE	198	0	2	0	1	0	11265	24194
191	1	5	112828968	"[112828968]"	"[0]"	1	"APC"	TRUE	215	0	3	0	1	0	11265	24194
197	1	3	179203597	"[179203597]"	"[0]"	1	"PIK3CA"	TRUE	220	0	0	159	1	0	11265	24194
207	2	12	25227260	"[25227260]"	"[0]"	1	"KRAS"	TRUE	1	0	1	0	2	0	11265	24194
215	2	3	179219676	"[179219676]"	"[0]"	1	"PIK3CA"	TRUE	244	0	0	127	1	0	11265	24194
225	1	3	179210254	"[179210254]"	"[0]"	1	"PIK3CA"	FALSE	255	0	4	0	1	0	11265	24194
233	2	3	179201477	"[179201477]"	"[0]"	1	"PIK3CA"	TRUE	262	0	0	112	1	0	11265	24194
235	2	5	112843189	"[112843189]"	"[0]"	1	"APC"	TRUE	266	0	2	0	1	0	11265	24194
253	1	3	179203554	"[179203554]"	"[0]"	1	"PIK3CA"	TRUE	286	0	0	179	1	0	11265	24194
289	1	17	7669674	"[7669674]"	"[0]"	1	"TP53"	FALSE	316	0	4	0	1	0	11265	24194
293	1	5	112821899	"[112821899]"	"[0]"	1	"APC"	FALSE	318	0	3	0	1	0	11265	24194
295	2	3	179210564	"[179210564]"	"[0]"	1	"PIK3CA"	TRUE	319	0	0	26	1	0	11265	24194
305	2	12	25245280	"[25245280]"	"[0]"	1	"KRAS"	FALSE	326	0	0	73	1	0	11265	24194
311	2	5	112839745	"[112839745]"	"[0]"	1	"APC"	FALSE	332	0	9	0	1	0	11265	24194
317	1	3	179224742	"[179224742]"	"[0]"	1	"PIK3CA"	TRUE	339	0	0	81	1	0	11265	24194
321	2	5	112843529	"[112843529]"	"[0]"	1	"APC"	FALSE	348	0	0	32	1	0	11265	24194
331	2	5	112839427	"[112839427]"	"[0]"	1	"APC"	TRUE	364	0	0	8	1	0	11265	24194
333	2	5	112840607	"[112840607]"	"[0]"	1	"APC"	FALSE	368	0	0	33	1	0	11265	24194
341	1	5	112837592	"[112837592]"	"[0]"	1	"APC"	TRUE	376	0	1	0	1	0	11265	24194
349	1	3	179234195	"[179234195]"	"[0]"	1	"PIK3CA"	FALSE	382	0	2	0	1	0	11265	24194
359	1	3	179221047	"[179221047]"	"[0]"	1	"PIK3CA"	TRUE	393	0	0	36	1	0	11265	24194
377	1	3	179226004	"[179226004]"	"[0]"	1	"PIK3CA"	TRUE	8	0	0	40	2	0	11265	24194
381	1	5	112841182	"[112841182]"	"[0]"	1	"APC"	TRUE	420	0	0	16	1	0	11265	24194
383	1	5	112840836	"[112840836]"	"[0]"	1	"APC"	TRUE	423	0	8	0	1	0	11265	24194
385	2	5	112839289	"[112839289]"	"[0]"	1	"APC"	FALSE	426	0	3	0	1	0	11265	24194
389	1	3	179199008	"[179199008]"	"[0]"	1	"PIK3CA"	TRUE	429	0	0	12	1	0	11265	24194
393	1	5	112837901	"[112837901]"	"[0]"	1	"APC"	FALSE	431	0	4	0	1	0	11265	24194
415	1	5	112838112	"[112838112]"	"[0]"	1	"APC"	FALSE	452	0	5	0	1	0	11265	24194
423	2	5	112838269	"[112838269]"	"[0]"	1	"APC"	TRUE	463	0	0	15	1	0	11265	24194
435	1	3	179225996	"[179225996]"	"[0]"	1	"PIK3CA"	FALSE	474	0	3	0	1	0	11265	24194
437	2	5	112839346	"[112839346]"	"[0]"	1	"APC"	FALSE	475	0	4	0	1	0	11265	24194
445	1	3	179199097	"[179199097]"	"[0]"	1	"PIK3CA"	FALSE	485	0	3	0	1	0	11265	24194
447	1	3	179221132	"[179221132]"	"[0]"	1	"PIK3CA"	FALSE	489	0	0	25	1	0	11265	24194
451	1	3	179198845	"[179198845]"	"[0]"	1	"PIK3CA"	FALSE	492	0	0	12	1	0	11265	24194
455	1	3	179198916	"[179198916]"	"[0]"	1	"PIK3CA"	FALSE	502	0	8	0	1	0	11265	24194
457	2	3	179204561	"[179204561]"	"[0]"	1	"PIK3CA"	TRUE	507	0	0	2	1	0	11265	24194
467	2	5	112843012	"[112843012]"	"[0]"	1	"APC"	FALSE	514	0	2	0	1	0	11265	24194
475	1	5	112837904	"[112837904]"	"[0]"	1	"APC"	TRUE	522	0	0	12	1	0	11265	24194
483	1	5	112823726	"[112823726]"	"[0]"	1	"APC"	FALSE	535	0	7	0	1	0	11265	24194
487	2	5	112841844	"[112841844]"	"[0]"	1	"APC"	TRUE	539	0	6	0	1	0	11265	24194
489	1	5	112775649	"[112775649]"	"[0]"	1	"APC"	TRUE	540	0	7	0	1	0	11265	24194
491	1	5	112841347	"[112841347]"	"[0]"	1	"APC"	FALSE	545	0	9	0	1	0	11265	24194
493	1	5	112838243	"[112838243]"	"[0]"	1	"APC"	TRUE	547	0	5	0	1	0	11265	24194
499	2	5	112840767	"[112840767]"	"[0]"	1	"APC"	TRUE	558	0	4	0	1	0	11265	24194
503	1	3	179230242	"[179230242]"	"[0]"	1	"PIK3CA"	TRUE	564	0	0	10	1	0	11265	24194
507	2	5	112835104	"[112835104]"	"[0]"	1	"APC"	FALSE	567	0	0	7	1	0	11265	24194
515	1	5	112827211	"[112827211]"	"[0]"	1	"APC"	TRUE	575	0	0	2	1	0	11265	24194
519	2	3	179210312	"[179210312]"	"[0]"	1	"PIK3CA"	FALSE	580	0	0	6	1	0	11265	24194
531	1	5	112835157	"[112835157]"	"[0]"	1	"APC"	FALSE	591	0	0	8	1	0	11265	24194
543	2	5	112843701	"[112843701]"	"[0]"	1	"APC"	TRUE	602	0	3	0	1	0	11265	24194
545	1	5	112840807	"[112840807]"	"[0]"	1	"APC"	FALSE	604	0	1	0	1	0	11265	24194
551	2	5	112843781	"[112843781]"	"[0]"	1	"APC"	FALSE	611	0	4	0	1	0	11265	24194
553	1	5	112838562	"[112838562]"	"[0]"	1	"APC"	TRUE	613	0	9	0	1	0	11265	24194
555	1	3	179201409	"[179201409]"	"[0]"	1	"PIK3CA"	FALSE	614	0	1	0	1	0	11265	24194
563	1	3	179221086	"[179221086]"	"[0]"	1	"PIK3CA"	FALSE	623	0	0	2	1	0	11265	24194
565	2	3	179229280	"[179229280]"	"[0]"	1	"PIK3CA"	TRUE	625	0	0	7	1	0	11265	24194
567	2	17	7675104	"[7675104]"	"[0]"	1	"TP53"	FALSE	626	0	0	4	1	0	11265	24194
569	2	5	112767211	"[112767211]"	"[0]"	1	"APC"	FALSE	627	0	0	3	1	0	11265	24194
571	1	5	112841109	"[112841109]"	"[0]"	1	"APC"	FALSE	628	0	0	8	1	0	11265	24194
583	1	3	179199779	"[179199779]"	"[0]"	1	"PIK3CA"	FALSE	133	0	0	4	2	0	11265	24194
585	2	3	179230007	"[179230007]"	"[0]"	1	"PIK3CA"	TRUE	650	0	0	7	1	0	11265	24194
587	1	3	179234183	"[179234183]"	"[0]"	1	"PIK3CA"	TRUE	655	0	0	3	1	0	11265	24194
601	2	3	179226008	"[179226008]"	"[0]"	1	"PIK3CA"	FALSE	669	0	3	0	1	0	11265	24194
607	2	3	179201496	"[179201496]"	"[0]"	1	"PIK3CA"	FALSE	673	0	2	0	1	0	11265	24194
609	2	5	112838160	"[112838160]"	"[0]"	1	"APC"	FALSE	674	0	4	0	1	0	11265	24194
615	2	3	179224119	"[179224119]"	"[0]"	1	"PIK3CA"	TRUE	679	0	0	6	1	0	11265	24194
619	2	3	179203740	"[179203740]"	"[0]"	1	"PIK3CA"	FALSE	685	0	0	2	1	0	11265	24194
631	2	5	112838516	"[112838516]"	"[0]"	1	"APC"	FALSE	702	0	0	2	1	0	11265	24194
635	2	5	112839778	"[112839778]"	"[0]"	1	"APC"	FALSE	708	0	0	6	1	0	11265	24194
639	2	3	179210465	"[179210465]"	"[0]"	1	"PIK3CA"	TRUE	711	0	0	2	1	0	11265	24194
643	1	3	179210512	"[179210512]"	"[0]"	1	"PIK3CA"	FALSE	715	0	0	4	1	0	11265	24194
651	1	5	112843983	"[112843983]"	"[0]"	1	"APC"	TRUE	722	0	0	2	1	0	11265	24194
653	2	5	112838301	"[112838301]"	"[0]"	1	"APC"	FALSE	726	0	0	4	1	0	11265	24194
659	1	3	179203770	"[179203770]"	"[0]"	1	"PIK3CA"	FALSE	729	0	2	0	1	0	11265	24194
661	1	5	112838833	"[112838833]"	"[0]"	1	"APC"	FALSE	732	0	2	0	1	0	11265	24194
663	1	3	179209617	"[179209617]"	"[0]"	1	"PIK3CA"	FALSE	734	0	1	0	1	0	11265	24194
673	2	5	112843839	"[112843839]"	"[0]"	1	"APC"	FALSE	745	0	2	0	1	0	11265	24194
683	2	3	179203561	"[179203561]"	"[0]"	1	"PIK3CA"	TRUE	763	0	0	4	1	0	11265	24194
685	2	5	112840583	"[112840583]"	"[0]"	1	"APC"	FALSE	768	0	0	4	1	0	11265	24194
693	1	3	179218215	"[179218215]"	"[0]"	1	"PIK3CA"	TRUE	774	0	0	1	1	0	11265	24194
695	2	17	7676197	"[7676197]"	"[0]"	1	"TP53"	FALSE	775	0	0	4	1	0	11265	24194
703	2	17	7669618	"[7669618]"	"[0]"	1	"TP53"	TRUE	783	0	0	2	1	0	11265	24194
709	2	12	25227250	"[25227250]"	"[0]"	1	"KRAS"	TRUE	787	0	0	4	1	0	11265	24194
713	2	5	112766390	"[112766390]"	"[0]"	1	"APC"	TRUE	791	0	0	2	1	0	11265	24194
719	2	5	112839575	"[112839575]"	"[0]"	1	"APC"	FALSE	794	0	0	2	1	0	11265	24194
725	1	5	112837679	"[112837679]"	"[0]"	1	"APC"	TRUE	801	0	2	0	1	0	11265	24194
727	2	3	179199012	"[179199012]"	"[0]"	1	"PIK3CA"	TRUE	805	0	0	2	1	0	11265	24194
729	2	5	112843780	"[112843780]"	"[0]"	1	"APC"	TRUE	806	0	2	0	1	0	11265	24194
731	1	5	112838015	"[112838015]"	"[0]"	1	"APC"	FALSE	808	0	1	0	1	0	11265	24194
733	2	3	179230080	"[179230080]"	"[0]"	1	"PIK3CA"	TRUE	816	0	0	2	1	0	11265	24194
739	2	5	112841852	"[112841852]"	"[0]"	1	"APC"	TRUE	822	0	0	2	1	0	11265	24194
745	1	3	179224799	"[179224799]"	"[0]"	1	"PIK3CA"	TRUE	825	0	0	2	1	0	11265	24194
749	2	5	112838633	"[112838633]"	"[0]"	1	"APC"	TRUE	827	0	0	2	2	0	11265	24194
753	2	5	112843686	"[112843686]"	"[0]"	1	"APC"	TRUE	830	0	0	2	1	0	11265	24194
757	2	5	112842695	"[112842695]"	"[0]"	1	"APC"	TRUE	835	0	0	2	1	0	11265	24194
759	1	5	112841338	"[112841338]"	"[0]"	1	"APC"	TRUE	836	0	0	2	1	0	11265	24194
761	2	3	179219212	"[179219212]"	"[0]"	1	"PIK3CA"	FALSE	838	0	0	2	1	0	11265	24194
763	2	5	112843700	"[112843700]"	"[0]"	1	"APC"	TRUE	839	0	0	2	1	0	11265	24194
765	2	5	112838279	"[112838279]"	"[0]"	1	"APC"	FALSE	840	0	0	2	1	0	11265	24194
773	2	3	179198841	"[179198841]"	"[0]"	1	"PIK3CA"	FALSE	848	0	0	1	1	0	11265	24194
777	1	3	179234492	"[179234492]"	"[0]"	1	"PIK3CA"	TRUE	853	0	0	2	1	0	11265	24194
783	1	5	112839120	"[112839120]"	"[0]"	1	"APC"	FALSE	858	0	0	2	1	0	11265	24194
785	1	5	112842894	"[112842894]"	"[0]"	1	"APC"	FALSE	859	0	0	2	1	0	11265	24194
787	1	5	112843114	"[112843114]"	"[0]"	1	"APC"	TRUE	860	0	0	2	1	0	11265	24194
789	1	5	112838334	"[112838334]"	"[0]"	1	"APC"	FALSE	862	0	0	2	1	0	11265	24194
793	1	12	25209854	"[25209854]"	"[0]"	1	"KRAS"	FALSE	868	0	0	2	1	0	11265	24194
795	1	3	179219980	"[179219980]"	"[0]"	1	"PIK3CA"	TRUE	870	0	0	2	1	0	11265	24194
799	1	17	7674245	"[7674245]"	"[0]"	1	"TP53"	TRUE	873	0	0	2	1	0	11265	24194
803	2	3	179234182	"[179234182]"	"[0]"	1	"PIK3CA"	TRUE	877	0	0	1	1	0	11265	24194
805	2	5	112842630	"[112842630]"	"[0]"	1	"APC"	TRUE	878	0	0	2	1	0	11265	24194
813	2	5	112838055	"[112838055]"	"[0]"	1	"APC"	TRUE	882	0	0	2	1	0	11265	24194
815	2	3	179201527	"[179201527]"	"[0]"	1	"PIK3CA"	TRUE	887	0	1	0	1	0	11265	24194
817	1	5	112834964	"[112834964]"	"[0]"	1	"APC"	FALSE	888	0	1	0	1	0	11265	24194
819	2	5	112780813	"[112780813]"	"[0]"	1	"APC"	TRUE	889	0	1	0	1	0	11265	24194
821	2	3	179198960	"[179198960]"	"[0]"	1	"PIK3CA"	TRUE	891	0	1	0	1	0	11265	24194
823	2	5	112841146	"[112841146]"	"[0]"	1	"APC"	FALSE	892	0	1	0	1	0	11265	24194
825	2	5	112841887	"[112841887]"	"[0]"	1	"APC"	FALSE	895	0	0	1	1	0	11265	24194
827	2	12	25227260	"[25227260]"	"[0]"	1	"KRAS"	TRUE	1	0	0	1	2	0	11265	24194
829	1	5	112839912	"[112839912]"	"[0]"	1	"APC"	TRUE	899	0	0	1	1	0	11265	24194
831	1	5	112766394	"[112766394]"	"[0]"	1	"APC"	FALSE	902	0	0	1	1	0	11265	24194
833	2	17	7676219	"[7676219]"	"[0]"	1	"TP53"	FALSE	905	0	0	1	1	0	11265	24194
835	1	5	112842935	"[112842935]"	"[0]"	1	"APC"	FALSE	907	0	0	1	1	0	11265	24194
837	2	3	179221013	"[179221013]"	"[0]"	1	"PIK3CA"	TRUE	908	0	0	1	1	0	11265	24194
839	1	3	179234154	"[179234154]"	"[0]"	1	"PIK3CA"	TRUE	909	0	0	1	1	0	11265	24194
841	1	5	112837893	"[112837893]"	"[0]"	1	"APC"	TRUE	911	0	0	1	1	0	11265	24194
843	2	5	112837824	"[112837824]"	"[0]"	1	"APC"	FALSE	912	0	0	1	1	0	11265	24194
845	2	5	112842494	"[112842494]"	"[0]"	1	"APC"	FALSE	913	0	0	1	1	0	11265	24194
847	1	5	112843610	"[112843610]"	"[0]"	1	"APC"	FALSE	915	0	0	1	1	0	11265	24194
849	1	5	112839622	"[112839622]"	"[0]"	1	"APC"	FALSE	916	0	0	1	1	0	11265	24194
851	2	12	25225697	"[25225697]"	"[0]"	1	"KRAS"	FALSE	919	0	0	1	1	0	11265	24194
853	1	3	179203637	"[179203637]"	"[0]"	1	"PIK3CA"	FALSE	920	0	0	1	1	0	11265	24194
855	2	5	112843219	"[112843219]"	"[0]"	1	"APC"	TRUE	922	0	0	1	1	0	11265	24194
857	2	5	112842910	"[112842910]"	"[0]"	1	"APC"	FALSE	934	0	0	1	1	0	11265	24194
859	1	3	179201405	"[179201405]"	"[0]"	1	"PIK3CA"	FALSE	935	0	0	1	1	0	11265	24194
861	2	5	112838553	"[112838553]"	"[0]"	1	"APC"	TRUE	938	0	0	1	1	0	11265	24194
863	1	3	179203727	"[179203727]"	"[0]"	1	"PIK3CA"	TRUE	940	0	0	1	1	0	11265	24194
865	1	5	112843455	"[112843455]"	"[0]"	1	"APC"	TRUE	942	0	0	1	1	0	11265	24194
867	2	3	179220045	"[179220045]"	"[0]"	1	"PIK3CA"	TRUE	944	0	0	1	1	0	11265	24194
869	1	5	112838246	"[112838246]"	"[0]"	1	"APC"	TRUE	945	0	0	1	1	0	11265	24194
871	2	5	112780843	"[112780843]"	"[0]"	1	"APC"	TRUE	947	0	0	1	1	0	11265	24194
873	1	5	112843412	"[112843412]"	"[0]"	1	"APC"	FALSE	950	0	0	1	1	0	11265	24194
875	2	12	25227260	"[25227260]"	"[0]"	1	"KRAS"	TRUE	1	0	0	1	2	0	11265	24194
877	2	5	112843357	"[112843357]"	"[0]"	1	"APC"	FALSE	954	0	0	1	1	0	11265	24194
879	2	5	112840292	"[112840292]"	"[0]"	1	"APC"	FALSE	956	0	0	1	1	0	11265	24194
881	1	5	112792481	"[112792481]"	"[0]"	1	"APC"	TRUE	957	0	0	1	1	0	11265	24194
883	2	5	112839926	"[112839926]"	"[0]"	1	"APC"	TRUE	958	0	0	1	1	0	11265	24194
885	1	5	112843885	"[112843885]"	"[0]"	1	"APC"	FALSE	959	0	0	1	1	0	11265	24194
887	2	17	7676240	"[7676240]"	"[0]"	1	"TP53"	FALSE	961	0	0	1	1	0	11265	24194
889	1	3	179234098	"[179234098]"	"[0]"	1	"PIK3CA"	TRUE	963	0	0	1	1	0	11265	24194
891	1	3	179203628	"[179203628]"	"[0]"	1	"PIK3CA"	FALSE	964	0	0	1	1	0	11265	24194
893	1	3	179234099	"[179234099]"	"[0]"	1	"PIK3CA"	FALSE	965	0	0	1	1	0	11265	24194
895	1	5	112839563	"[112839563]"	"[0]"	1	"APC"	TRUE	966	0	0	1	1	0	11265	24194
897	2	17	7669622	"[7669622]"	"[0]"	1	"TP53"	TRUE	967	0	0	1	1	0	11265	24194
